0 5259
0 5145
1 1340
1 1329
1 2880
2 2274
4 1043
5 524
6 4231
8 3943
9 2556
9 4789
10 879
11 2571
11 2045
12 4586
12 4568
13 1568
14 2987
14 2538
15 4981
16 4903
17 5513
19 3105
20 6094
20 5761
21 3094
21 2774
22 5622
22 319
24 4911
25 4437
26 2349
26 252
27 2411
28 1487
29 3305
29 5369
31 2001
32 6151
32 5942
32 2040
34 237
37 4918
38 4773
39 2134
40 3315
41 2076
42 1373
43 5325
43 2482
45 3393
46 2489
46 947
46 1997
47 6316
47 2381
47 5219
48 2687
49 621
49 2508
49 1182
49 6502
50 4884
51 3660
53 6099
53 256
54 2167
55 1175
56 884
57 4278
60 5485
61 3969
62 5347
62 6556
65 2031
66 4858
67 5116
69 4545
69 2828
69 4104
70 2123
71 6123
73 3819
74 5060
75 5068
76 3466
77 4570
77 1794
78 5911
78 3370
79 5663
80 2562
80 3198
81 6689
82 5630
82 3537
83 455
84 4169
85 2278
86 3385
87 4620
88 1163
88 5373
89 1507
90 3942
90 5325
91 4629
92 5977
93 6360
93 5580
94 3606
95 1288
95 4670
97 2504
97 911
98 2669
99 2235
100 3991
100 5353
101 3044
104 5151
105 4382
106 4834
107 6661
108 1480
108 631
109 4197
109 604
110 6649
111 4903
112 4369
113 4225
113 1890
114 2905
114 3604
115 2746
116 5585
118 3724
118 3852
118 4106
118 4087
119 5244
119 2299
120 5188
121 6238
122 2949
123 2457
124 104
125 392
127 3876
127 6020
127 712
128 6322
128 2607
129 6213
129 2475
130 2579
131 3030
132 4643
132 3285
132 782
134 5085
135 1576
136 5228
136 4787
137 911
138 754
139 5390
140 5644
141 5900
141 2924
142 3568
144 6570
145 3148
146 5268
148 2021
149 5779
150 3703
150 962
151 6486
151 4247
152 4362
152 3794
152 2223
154 4573
154 3603
155 1840
158 1366
159 4764
160 6580
160 5221
161 5412
162 1950
163 6305
166 6410
168 4483
169 6589
169 30
171 4420
172 4716
172 3524
172 6650
172 2623
172 1921
174 2784
174 3657
177 2435
179 1071
180 5313
180 458
181 6607
181 1663
182 3891
183 2108
184 4706
184 3971
184 5150
185 2674
185 335
186 1785
188 2828
190 87
190 265
191 1985
191 3968
191 191
191 1410
194 6073
194 4457
194 2849
194 4648
194 4306
195 1309
196 1677
200 6597
200 2208
201 201
203 1727
204 5269
205 272
206 1259
206 3265
206 3721
206 3974
209 4235
211 3000
211 5290
212 5936
213 4682
213 1933
215 5502
216 5058
216 6469
218 5182
219 5269
220 2920
221 1133
221 6314
222 5158
222 3914
224 3319
225 5426
225 1553
226 6264
227 2806
227 2934
229 5607
232 172
232 3361
233 1218
234 539
235 6136
237 6383
237 2626
238 6606
239 1107
242 5708
242 1659
245 6489
246 6650
247 605
247 1347
248 3840
250 4767
250 3052
253 5346
253 1865
254 6241
254 1825
255 54
257 1552
258 2784
259 582
260 1422
261 3808
261 6300
262 2280
262 2889
263 159
264 678
264 5163
265 550
265 4680
266 4683
268 805
268 3299
269 1783
270 4703
271 1145
271 3054
272 1899
272 2707
273 579
274 4544
277 2326
278 1072
278 2904
279 4695
280 4944
281 4191
281 4369
281 4289
282 5362
282 6072
283 1058
283 4892
285 4889
286 5309
288 6361
288 2949
289 3311
290 5054
292 1652
293 6085
295 177
296 4001
298 2910
298 2812
299 6420
299 1878
300 4066
301 2262
303 6365
304 3238
306 897
308 3191
308 1801
312 2086
313 922
318 6173
319 5785
321 4035
322 3781
322 6440
323 3285
323 3503
325 1364
326 5281
326 242
327 2247
329 2824
329 3904
330 2560
330 3694
331 6360
333 4115
334 5828
334 6527
338 2339
338 2051
338 6139
339 1116
339 885
340 1433
344 3401
345 3991
345 3526
346 6647
347 4633
348 1464
349 547
352 984
353 2078
354 2730
355 3162
359 6501
361 4623
361 3260
362 3390
364 1693
365 2990
366 4146
367 1814
368 3408
369 314
369 2114
370 2547
371 3496
372 1709
373 162
376 5656
377 4777
377 2498
381 5009
381 126
382 5960
383 4047
383 464
383 1581
384 2919
385 4072
386 1693
386 384
386 5101
387 5125
387 1757
388 6116
389 1698
390 626
391 5721
393 3638
394 5057
395 5923
395 5644
395 2275
396 4951
397 6174
397 2221
397 950
401 625
402 4323
402 4049
402 4809
403 3037
404 2820
405 4434
405 42
405 5486
406 6031
407 5084
409 4951
410 1797
412 5927
413 4697
415 1937
415 543
417 5652
417 1143
418 2541
419 4833
420 3351
422 354
424 3126
424 5207
426 2674
426 522
427 4356
427 6650
428 4952
429 618
429 3953
430 6305
430 591
432 6034
433 1132
435 5975
436 3328
436 2447
439 6446
440 6173
440 3333
441 3171
443 3429
443 3270
444 2249
444 2516
444 6084
445 6089
445 3958
446 795
447 3231
448 5567
448 3366
450 3407
451 3102
452 2318
452 3225
453 5035
453 5761
454 6520
455 2989
455 6316
455 6172
456 2047
456 4691
457 2146
457 2030
457 1318
459 1032
460 3494
460 2064
461 5864
462 4229
463 24
464 4968
466 1760
467 6689
467 6361
468 4506
469 1513
470 3142
470 317
471 1647
471 1984
472 682
473 777
473 724
474 3868
474 2183
475 907
475 5515
476 108
477 5040
479 5546
479 5521
480 3435
481 15
482 217
483 2941
484 3955
484 110
486 5727
486 4822
487 4884
488 914
489 3629
491 2420
491 1253
492 2950
493 5217
494 33
494 4328
494 3140
496 862
496 3347
497 2585
497 160
498 918
498 3558
499 2554
500 5316
501 2111
501 5333
501 3451
502 906
503 5926
504 1888
504 3516
504 5374
505 4356
507 3413
509 545
511 2054
512 5874
513 629
513 5229
513 3061
514 3685
515 2596
515 5360
515 1053
516 3751
517 35
518 6473
520 5040
520 4838
521 3271
522 2361
523 3810
525 1067
526 318
527 102
528 3198
532 3514
533 4553
534 5356
534 4291
535 419
536 4765
536 3531
537 5544
543 4651
544 993
544 2652
546 2655
548 4813
549 2586
549 5452
549 4067
550 4934
550 4569
550 190
551 2133
551 6150
553 5038
555 97
555 5229
557 1548
557 6062
558 3824
558 560
560 3824
561 5441
562 2952
563 6045
563 1585
567 542
568 3607
569 3494
569 5813
570 4950
570 4954
571 3905
571 2046
571 1219
572 1938
572 4638
573 6305
574 2399
575 1973
575 3164
576 6269
577 933
580 2972
581 2420
582 708
583 2439
584 2473
585 6349
587 2767
588 3618
589 589
590 2386
590 4540
590 3989
591 6359
592 979
593 3376
593 5269
593 3420
594 157
595 2836
596 5393
596 77
597 463
598 2808
599 5264
600 6066
601 4132
602 4173
603 4698
603 3884
604 4202
605 299
607 845
609 541
609 5509
610 4171
610 2381
613 6521
613 4056
613 4157
614 5730
614 1528
614 4221
615 6323
617 2982
618 6480
618 6006
618 4157
618 3953
621 658
622 1644
623 4973
623 2143
624 294
625 419
628 3499
629 4854
629 683
630 3548
631 2638
632 2338
632 2640
632 284
634 5510
635 6589
635 398
635 1637
636 1611
638 4510
639 1827
640 2694
642 6244
642 4933
643 866
644 4584
644 1398
644 320
645 2710
647 4548
648 971
648 4307
650 2528
651 1739
652 4944
653 3600
653 2501
654 938
655 236
656 6691
656 5358
657 5455
658 4019
659 2363
660 3725
661 4484
662 2692
665 5401
666 621
666 554
666 1182
667 5048
667 6387
667 1441
667 2005
668 3079
669 3242
671 1478
671 4525
671 6424
671 5988
671 5008
672 5714
672 2278
674 3961
675 5501
676 3311
677 6200
678 5870
678 6519
679 3095
680 375
681 3102
681 1159
681 451
683 3061
683 5229
683 629
683 555
684 5671
684 2103
685 2615
685 6543
687 6584
690 691
692 6623
694 1789
694 3822
696 6328
696 2845
696 89
697 2177
698 5086
698 6545
699 97
699 4241
700 4893
700 915
700 6615
701 2953
702 3160
703 3266
704 764
705 5664
706 6656
706 3231
707 3517
708 708
708 4923
710 5295
710 2381
712 3143
713 5167
713 3379
714 391
715 2468
717 3582
717 5560
717 4015
718 5279
718 4785
719 4748
720 4921
722 1330
723 2196
723 2665
723 5495
723 661
726 63
728 6010
728 3342
728 3506
729 4451
730 4834
730 4266
730 2459
730 6257
731 5784
734 1150
735 2584
736 3875
737 934
739 3655
740 5066
741 1695
741 3461
742 5511
744 4644
745 3349
745 5018
746 5062
746 2325
747 3069
748 2025
748 6215
748 5538
750 3115
753 3064
754 781
755 5449
756 4421
757 2193
758 983
758 4672
759 2583
760 3370
761 5780
763 3081
764 4786
765 4201
766 2878
768 6325
769 5196
771 1447
771 4478
773 4636
773 64
774 5953
776 1712
776 869
777 3118
778 4198
780 6597
781 1826
782 484
782 3285
784 2166
785 6086
785 4496
786 4554
786 5459
787 4461
788 1355
788 2258
789 2829
789 6183
790 2480
790 2268
791 2121
791 5321
791 395
792 3085
794 5169
796 1239
797 2571
798 2871
799 4362
799 274
799 3794
800 6262
800 53
800 256
802 3463
804 1382
806 3350
807 3093
807 1916
808 4735
810 3786
811 3233
812 1424
812 2264
813 192
816 2772
816 3102
816 5786
817 5984
818 3682
819 5705
820 5634
821 5742
821 6369
822 2072
822 2184
824 3423
824 5999
825 3225
826 4366
826 6482
827 1819
828 4166
829 6359
830 5832
830 3599
832 1739
833 5550
834 3626
836 4169
837 5724
837 2801
838 2353
839 6376
840 2902
840 4838
844 2431
846 5406
846 6424
846 3524
846 6216
846 671
848 2821
849 5522
849 4883
851 5649
851 6186
852 2859
853 4031
854 2008
854 857
856 2384
857 2008
859 82
860 97
860 5229
861 3584
863 453
863 3892
864 3858
865 2906
865 2403
867 1438
867 2450
868 6641
869 1506
870 5945
871 6633
871 3866
872 5384
873 1157
874 6542
875 5722
876 244
877 2769
878 4584
878 1398
878 2950
878 4353
878 6654
878 3572
879 6695
882 3970
883 3934
884 2229
885 1578
886 1796
887 5351
890 5740
891 1822
894 3218
894 4580
895 2641
896 392
896 1973
896 125
897 4928
897 5052
898 1249
898 2243
898 2920
899 5368
900 3667
901 4990
902 3759
903 6189
905 4626
905 4796
905 4504
905 905
906 794
908 5419
909 5521
911 2306
912 5724
912 3313
915 5849
915 4669
915 4568
916 4752
916 5937
916 5551
917 3205
918 4302
918 1047
919 6432
920 1262
920 4345
920 3971
920 3331
921 931
922 1860
922 6222
923 4124
923 4163
924 842
925 5025
926 1566
928 5697
929 247
930 2189
931 28
932 2735
933 4175
934 4504
936 4237
937 4393
937 5878
938 5983
939 2383
942 3282
943 3419
945 5349
947 685
947 46
947 2672
947 1997
947 3337
947 4653
948 1007
949 4877
950 2863
951 706
951 6560
952 2847
953 510
954 3921
955 3590
955 4046
956 408
956 835
956 4612
957 5378
958 2684
958 5896
959 5911
960 1026
963 4725
963 6012
964 2104
964 4051
966 1798
967 2727
967 3691
967 4729
970 6487
971 4943
972 892
973 1351
973 3039
973 87
973 3067
974 5962
975 4383
975 5610
977 1365
978 5767
978 984
979 134
980 3424
981 4427
981 101
981 988
982 5724
982 1188
982 107
983 5793
983 2920
983 3764
984 5532
985 3030
985 5270
985 131
985 426
985 2245
985 4147
986 5845
986 4637
987 345
988 2148
988 5715
989 1412
990 5356
991 1973
991 904
992 6190
992 4972
995 234
996 2933
997 809
999 345
1000 1741
1000 5804
1000 6653
1001 2101
1005 3809
1006 4525
1008 2235
1009 704
1010 5292
1011 6024
1011 437
1014 382
1015 3169
1015 989
1015 1915
1016 2956
1017 1582
1019 888
1020 2781
1020 4517
1021 4819
1021 1835
1021 158
1022 2542
1023 1969
1023 3846
1024 249
1025 7
1025 1269
1028 1119
1029 6309
1031 4202
1032 3579
1033 662
1034 4265
1035 3075
1036 146
1037 214
1038 5068
1040 3534
1041 3567
1042 2098
1043 3147
1044 778
1045 4457
1045 4708
1046 5272
1047 4302
1047 2421
1047 4340
1048 1617
1048 465
1050 2947
1051 1279
1051 6505
1052 6216
1053 515
1054 1540
1055 1052
1059 428
1059 6445
1060 5018
1061 686
1062 3702
1063 3567
1064 431
1064 6371
1064 2102
1064 6491
1065 1549
1066 4568
1067 6514
1068 4223
1068 3333
1069 2757
1070 5104
1070 3
1073 2993
1074 6396
1075 3237
1075 2204
1076 1207
1077 5332
1077 407
1078 2677
1079 803
1081 4303
1082 2062
1084 709
1085 5556
1086 3062
1086 4227
1087 758
1087 4500
1088 2670
1091 1076
1093 6400
1095 2222
1096 2791
1096 4432
1097 6455
1097 18
1098 5470
1098 2209
1098 5865
1098 2512
1098 4407
1099 2818
1101 4020
1102 6149
1103 1300
1105 4193
1106 5878
1108 4727
1108 626
1108 35
1109 711
1112 5516
1114 266
1114 4274
1114 6524
1118 4524
1120 4443
1120 5684
1121 4475
1122 1956
1123 102
1124 2831
1126 4418
1126 195
1127 3203
1128 132
1132 3863
1132 2719
1134 3402
1135 6348
1136 1475
1137 1153
1138 1400
1139 3566
1140 5331
1141 2519
1142 2966
1143 3410
1145 418
1147 3157
1147 5241
1148 2314
1150 3482
1150 6341
1152 4043
1154 1175
1155 6526
1155 6135
1155 2230
1156 2342
1156 5276
1157 3797
1158 5260
1159 1491
1161 1237
1162 5549
1163 3630
1163 88
1164 6528
1167 2484
1167 1816
1168 6043
1170 435
1172 6229
1173 4730
1176 6565
1176 446
1176 795
1176 6567
1176 1046
1177 3263
1178 4389
1178 4938
1178 5401
1179 1179
1180 2288
1181 5584
1182 2923
1182 666
1182 49
1183 1520
1191 2171
1193 1477
1194 2565
1194 3276
1194 4778
1196 2464
1197 245
1198 3198
1199 4602
1200 4203
1201 575
1204 1337
1205 400
1205 6418
1206 2714
1206 5778
1206 2966
1207 1593
1207 3661
1208 2094
1209 3254
1209 794
1211 4989
1212 5463
1213 272
1213 6508
1213 5059
1214 3911
1215 393
1215 3749
1216 3445
1217 5254
1218 1318
1221 3951
1221 1613
1222 3252
1223 2843
1224 3970
1225 716
1225 2645
1226 1359
1227 1103
1228 4922
1228 6600
1229 1810
1229 1780
1230 5833
1234 4163
1235 904
1235 4530
1236 4134
1236 2938
1237 2291
1237 5939
1238 4071
1239 612
1240 2492
1240 341
1242 1881
1243 6620
1244 422
1245 1561
1249 5869
1251 2332
1251 3741
1252 475
1255 5338
1256 3893
1256 6340
1257 3069
1258 5746
1259 1887
1259 1333
1260 1875
1260 4651
1261 5238
1262 1130
1263 5787
1264 6465
1265 508
1268 3095
1268 679
1268 4514
1269 7
1270 1044
1270 2210
1271 5696
1272 4501
1272 4779
1273 4770
1273 2538
1274 2181
1275 2798
1277 3335
1277 3064
1279 5714
1279 1699
1279 2422
1280 1068
1280 3043
1281 3487
1281 4170
1281 6593
1284 1904
1285 1503
1286 3720
1287 4945
1288 3217
1289 2377
1290 5409
1291 5698
1292 296
1293 4027
1294 5840
1295 4922
1296 4142
1297 1708
1298 1452
1298 1656
1299 5299
1299 3958
1300 1449
1302 2771
1303 3147
1304 2308
1305 563
1307 4450
1307 6438
1308 5809
1308 1152
1309 2138
1310 3610
1311 6429
1311 4995
1312 5959
1312 6536
1312 5261
1313 4613
1314 3617
1315 4040
1316 2851
1317 6264
1318 457
1318 3025
1319 5171
1319 692
1322 1870
1323 6039
1323 2032
1324 6636
1325 2617
1326 276
1326 5215
1326 4781
1327 6547
1328 5452
1328 1436
1331 97
1331 629
1331 555
1331 3436
1333 4150
1334 2795
1335 1163
1336 3845
1337 645
1338 3403
1339 143
1341 4867
1341 2424
1342 2671
1342 5951
1343 2731
1345 6077
1345 4005
1346 638
1347 6420
1348 235
1348 6136
1348 350
1349 4284
1350 1919
1351 699
1352 311
1353 193
1354 6581
1355 733
1355 4820
689 4600
1357 3275
1359 3973
1360 5735
1361 6103
1362 3859
1362 4365
1363 5705
1363 5741
1365 5789
1365 3522
1368 4950
1369 999
1370 6177
1370 6666
1370 2780
1371 4530
1372 4774
1372 4035
1372 4913
1375 1583
1376 23
1376 4865
1377 2009
1377 3570
1378 2681
1378 4060
1378 4967
1379 4310
1380 4603
1381 2685
1381 6028
1383 5815
1385 2671
1386 4045
1387 6210
1389 1057
1390 3788
1391 477
1392 2830
1392 5129
1392 3587
1394 4498
1394 5779
1395 3133
1396 5500
1397 1725
1398 4584
1398 1747
1398 6654
1398 1398
1399 844
1399 5048
1401 5317
1403 3837
1405 5785
1407 6553
1410 1408
1411 3676
1412 3476
1412 2624
1412 6636
1414 5051
1416 2248
1418 878
1418 1753
1419 2318
1419 452
1420 1420
1421 1317
1423 5966
1424 380
1425 2734
1426 4177
1427 1717
1428 2753
1429 431
1429 2102
1430 5201
1432 5465
1434 2156
1437 1755
1442 940
1443 2568
1444 6359
1445 3994
1446 360
1447 3179
1448 121
1448 1388
1449 263
1450 2527
1450 4910
1451 1202
1456 2565
1457 269
1457 2333
1458 5730
1458 1565
1458 2318
1458 452
1460 1872
1461 5075
1462 5238
1463 6079
1465 6662
1466 4411
1466 2139
1468 1468
1470 1767
1471 1329
1471 834
1473 3863
1474 6634
1476 4114
1478 4525
1479 3688
1480 1399
1480 2638
1480 5115
1481 4542
1482 1341
1482 5097
1483 1085
1483 6493
1483 3319
1483 5128
1484 5511
1485 2405
1486 4739
1488 6296
1488 5631
1488 3860
1491 1159
1492 5925
1492 1011
1492 4572
1494 6318
1495 392
1495 6105
1496 3186
1497 5558
1498 2824
1498 3904
1499 5598
1500 5745
1500 4940
1502 6474
1502 5763
1503 3276
1505 6546
1505 4829
1506 424
1506 2441
1506 2531
1507 2845
1509 4841
1510 736
1510 280
1511 1018
1512 5609
1513 5666
1514 3452
1514 6532
1514 1826
1514 1664
1515 2451
1515 5408
1516 999
1519 6048
1520 2175
1520 5105
1521 4797
1522 4597
1522 880
1523 1687
1523 1872
1524 3235
1525 1638
1526 5330
1526 250
1526 3052
1527 2830
1528 4244
1529 357
1530 6285
1533 1414
1535 3905
1535 6597
1535 4010
1536 4747
1537 4030
1539 106
1541 2361
1541 2304
1541 5488
1542 2517
1543 1144
1544 5710
1545 2452
1546 4927
1547 6695
1548 3540
1549 6406
1550 851
1550 6186
1550 5312
1550 2812
1551 2506
1551 72
1554 1929
1555 3260
1556 3086
1557 1629
1558 4984
1558 6088
1560 6480
1560 4722
1560 613
1562 3763
1563 4793
1564 5458
1564 1729
1565 5204
1568 5246
1569 2088
1570 5552
1571 3328
1573 5806
1574 5565
1574 1417
1574 1618
1575 3354
1576 899
1577 5068
1578 1313
1579 170
1580 4794
1584 506
1585 2032
1585 331
1585 2559
1587 6361
1589 2701
1590 2181
1591 4946
1592 1410
1592 6168
1593 1691
1593 3527
1594 1472
1594 1672
1594 6576
1595 2738
1597 148
1597 2021
1598 3769
1598 572
1599 6643
1600 5234
1601 3293
1603 2509
1605 2251
1605 4894
1606 600
1608 1163
1609 4731
1611 2048
1612 2357
1613 1841
1613 6106
1616 4493
1617 540
1617 5178
1617 465
1618 3428
1619 1350
1621 4749
1623 6367
1624 2849
1626 477
1626 1704
1627 6159
1628 5944
1629 3815
1630 5182
1631 64
1632 2628
1633 3378
1633 171
1634 173
1635 2372
1636 1362
1637 4151
1637 4455
1639 3700
1640 4194
1641 661
1642 1597
1643 5728
1644 622
1645 4098
1645 652
1646 3561
1646 4491
1647 4016
1647 1984
1649 6194
1649 3108
1650 2310
1651 6614
1652 1776
1653 1956
1654 1318
1655 2618
1656 1413
1657 3228
1658 304
1660 3545
1660 44
1661 1845
1665 1491
1666 4751
1666 728
1667 2080
1668 3123
456 6669
456 2433
1670 423
1671 4420
1673 447
1673 5186
1674 2162
1676 4956
1677 3347
1678 3528
1678 3685
1680 6644
1682 1738
1682 1527
1683 3052
1685 1065
1686 628
1687 659
1689 5029
1690 2645
1691 3527
1692 6212
1693 5334
1693 4675
1694 2678
1694 4688
1694 5364
1695 6154
1695 4457
1695 4648
1695 3461
1696 4614
1697 4199
1698 2979
1698 6132
1699 5714
1700 1976
1700 6
1701 4935
1702 5134
1702 657
1704 4224
1704 5811
1704 1391
1705 3560
1706 2781
1709 1898
1711 5390
1711 139
1712 2068
1713 4445
1715 3844
1717 1183
1718 4862
1719 2502
1721 5992
1722 2022
1723 3362
1723 2821
1724 6223
1726 50
1727 1986
1728 1764
1728 905
1730 4229
1730 462
1731 5868
1732 498
1734 4552
1735 2240
1736 1151
1737 2400
1740 578
1741 6480
1741 3100
1742 4351
1743 5603
1744 3068
1745 1142
1747 2950
1747 4353
1748 5903
1750 6439
1751 6038
1752 5119
1753 1604
1753 586
1754 6458
1756 3371
1757 539
1758 6415
1758 3173
1761 2155
1762 2100
1762 4030
1762 1537
1763 3399
1764 3200
1765 3583
1766 4293
1768 5427
1768 491
1770 302
1770 1972
1772 1188
1774 3625
1774 2803
1775 6068
1778 6092
1779 2386
1783 269
1783 3282
1784 3573
1785 3363
1787 545
1787 1411
1788 3819
1789 5757
1791 5256
1792 4379
1792 413
1793 4409
1794 2981
1794 5488
1795 3638
1796 1085
1796 5556
1796 5233
1799 353
1800 2866
1801 1999
1801 1518
1802 2589
1803 4003
1804 2300
1805 1630
1806 4011
1807 38
1808 4620
1808 699
1808 2016
1809 4246
1812 5886
1813 4597
1813 1679
1815 4179
1816 2661
1817 3167
1817 6084
1817 6559
1818 4264
1820 5333
1821 1160
1822 2253
1823 2878
1824 5046
1825 254
1826 1514
1827 5242
1827 749
1828 774
1829 4982
1830 4664
1830 3360
1831 526
1832 5698
1835 2195
1836 5468
1836 5392
1838 2605
1839 4359
1839 4373
1842 4303
1842 867
1843 1625
1847 5324
1849 5532
1851 2994
1852 403
1852 3329
1853 1027
1854 5507
1854 6022
1855 3152
1855 2916
1856 924
1856 5980
1856 1931
1857 3037
1858 3229
1860 6155
1861 1898
1862 1276
1862 3519
1862 5748
1863 3869
1865 5526
1866 5788
1867 3340
1868 2986
1869 5687
1869 3247
1870 4347
1870 1954
1870 4483
1870 168
1875 5015
1876 3421
1877 4812
1878 3600
1879 3941
1881 991
1882 4349
1884 2975
1885 1115
1886 3711
1887 5384
1887 456
1887 4574
1887 1055
1888 2926
1888 5374
1889 763
1890 3779
1891 2237
1891 1210
1893 166
1893 1464
1894 5366
1895 131
1896 2748
1896 49
1898 5192
1898 1709
1899 2707
1900 189
1900 3708
1900 5237
1901 2818
1902 3358
1903 1149
1904 26
1905 1773
1906 2410
1907 5532
1907 5473
1908 5425
1910 1934
1912 5030
1912 633
1912 103
1914 5197
1915 2786
1915 4078
1916 3968
1917 1306
1917 1047
1918 2533
1919 3448
1919 6388
1920 433
1921 4716
1922 1649
1924 826
1924 3967
1926 2901
1928 4495
1930 3723
1931 946
1932 3699
1932 4167
1933 6033
1933 1169
1937 1809
1938 2269
1939 1938
1941 5758
1941 5326
1942 187
1943 767
1944 5113
1944 1168
1945 6252
1949 1909
1950 5112
1952 663
1952 5729
1953 3066
1954 4347
1955 3755
1956 5606
1957 2521
1958 2099
1959 41
1960 2686
1960 2610
1961 5016
1961 1847
1961 109
1962 4250
1962 410
1963 5906
1964 1247
1965 1121
1965 2295
1966 6407
1968 6454
1969 6090
1971 97
1972 302
1973 1973
1973 896
1974 969
1974 587
1975 6360
1975 1939
1975 93
1977 1483
1977 2930
1978 271
1980 579
1981 4851
1983 3313
1983 5450
1983 1504
1985 6168
1986 5131
1988 2498
1988 516
1989 5675
1991 3487
1991 27
1995 3777
1996 3441
1996 3709
1996 2356
1997 1050
1998 3026
2000 3397
2000 3103
2002 1576
2002 2701
2003 3705
2003 3246
2003 739
2004 1510
2004 3177
2005 5048
2006 3042
2006 3035
2007 4217
2007 147
2009 2548
2009 4406
2009 223
2010 5094
2011 3252
2012 4615
2012 6597
2012 5099
2012 2067
2014 540
2014 3980
2014 650
2015 4678
2016 3155
2017 6630
2017 3734
2018 3710
2019 726
2020 5731
2021 6379
2023 4434
2025 6215
2026 3370
2027 5322
2027 1349
2027 1858
2028 6460
2031 3152
2031 6129
2031 2673
2032 4132
2032 6039
2032 4932
2033 2356
2034 6260
2036 5723
2037 4567
2038 3238
2038 3528
2038 4827
2040 1085
2040 634
2041 485
2042 2180
1944 1168
1944 2446
1944 2841
2044 4563
2045 376
2045 4090
2045 637
2046 305
2047 1259
2048 4245
2049 5871
2051 6029
2051 5437
2052 4988
2053 6352
2053 3894
2056 4627
2057 99
2058 1235
2060 3096
2061 5994
2062 2988
2063 2032
2064 5612
2065 1902
2065 5088
2068 1189
2068 4094
2069 146
2069 1036
2070 1376
2071 432
2073 1175
2073 5830
2074 5213
2078 6683
2081 182
2082 5216
2083 5235
2083 5061
2084 814
2084 3051
2085 6254
2087 1054
2087 1540
2088 1457
2089 8
2089 4912
2090 2397
2091 3679
2092 6457
2094 5305
2095 6235
2096 2756
2096 6370
2096 5404
2097 5661
2098 4185
2100 5751
2100 489
2101 6057
2103 499
2104 1014
2105 5804
2106 1309
2106 497
2107 4985
2107 1098
2108 6130
2108 2438
2109 4013
2110 565
2110 3929
2110 3289
2111 6315
2111 3451
2111 5645
2111 6449
2111 6608
2112 2806
2112 227
2112 2934
2113 202
2118 2562
2119 2712
2120 1906
2120 2441
2121 395
2122 2088
2124 315
2125 3161
2127 164
2128 2079
2129 2118
2130 4213
2130 1654
2131 374
2132 3723
2133 6150
2134 399
2134 5063
2135 3853
2136 1653
2137 5096
2138 497
2139 913
2139 3500
2140 467
2142 2109
2143 1821
2143 5148
2143 5859
2144 5228
2146 4000
2147 6360
2147 2063
2149 1966
2150 6609
2151 2819
2153 4462
2154 2287
2157 2348
2157 3575
2157 2409
2158 5284
2159 2796
2160 5047
2161 3741
2162 5759
2164 2323
2165 1133
2168 3785
2169 1586
2172 4993
2172 4714
2173 1391
2173 1626
2173 5811
2173 4720
2173 2550
1857 4395
2175 5643
2175 1520
2176 2147
2178 1455
2179 5955
2180 5715
2181 5594
2181 3405
2182 6477
2182 4912
2183 3868
2184 4090
2185 3664
2186 4566
2187 5269
2188 2028
2190 3528
2191 5050
2192 6258
2193 2892
2195 158
2196 81
2197 6569
2199 4090
2199 2045
2200 4768
2200 6399
2201 5407
2202 155
2204 2582
2204 3394
2204 3181
2204 5224
2204 86
2205 1197
2206 4311
2207 5561
2207 2283
2208 279
2208 3835
2209 2179
2209 5865
2211 1458
2214 2014
2214 5178
2214 2528
2215 4436
2215 1951
2216 5361
2217 2864
2218 901
59 887
2220 3563
2222 1726
2223 3427
2224 3178
2224 6182
2224 1746
2225 645
2225 1635
2225 793
2225 4918
2226 4658
2228 2598
2229 4134
2229 1236
2229 2938
2230 5253
2231 3089
2232 257
2234 1250
2235 189
2236 1927
2237 3834
2237 3855
2237 2374
2239 3453
2239 5928
2242 2436
2244 6282
2245 2671
2245 426
2245 3174
2245 522
2247 1102
2248 3163
2248 4768
2249 4882
2249 6559
2249 1817
2251 1605
2251 4894
2253 1453
2254 4616
2255 3130
2256 2056
2257 2365
2259 2042
2260 5504
2261 6318
2262 4406
2263 853
2264 380
2265 3963
2265 4697
2265 4799
2266 3061
2266 5229
2267 5987
2268 2480
2269 372
2270 1633
2271 2393
2271 4332
2272 3005
2273 47
2273 4802
2275 5644
2276 6263
2277 188
2280 5626
2280 3182
2281 5637
2281 2458
2282 3936
2285 5825
2285 2945
2285 4014
2286 493
2287 2852
2288 5106
2289 2392
2289 6285
2290 4534
2290 5214
2291 5605
2291 2991
2292 2128
2292 2955
2293 6162
2294 1687
2295 1121
2296 5094
2297 384
2297 386
2298 5504
2299 1773
2299 2164
2300 6363
2300 3854
2300 4674
2301 2012
2302 3685
2304 3104
2304 2540
2305 3991
2306 6100
2307 6242
2308 2119
2309 5039
2312 4712
2313 379
2314 1569
2315 6229
2315 1172
2316 1606
2316 2825
2317 5545
2317 3747
2318 2406
2319 4511
2319 884
2319 444
2319 6232
2319 3065
2320 582
2321 6639
2322 5563
2322 6203
2323 1581
2323 2013
2325 1177
2325 3209
2326 4296
2327 6091
2329 3576
2330 1072
2331 1596
2332 3288
2333 3036
2334 6489
2335 5168
2336 1116
2337 1624
2338 1775
2339 3937
2340 2375
2341 1079
2343 6293
2344 4267
2344 1924
2346 6548
2347 2577
2349 252
2350 1571
2351 513
2352 5922
2352 1942
2353 5583
2354 156
2355 2621
2358 3158
2358 1280
2360 6157
2361 61
2361 6446
2362 1306
2363 1687
2364 6063
2365 6585
2366 3897
2369 6336
2369 1598
2369 1975
2370 3406
2371 3377
2371 3995
2372 2240
2372 2693
2373 6485
2374 3834
2374 2237
2374 6248
2374 167
2374 2998
2375 3315
2375 1826
2376 5461
2376 6304
2378 2233
2379 6181
2379 28
2380 2798
2380 3196
2381 3590
2382 3175
2382 3153
2383 4581
2383 2249
2383 3167
2386 5195
2387 2822
2387 5347
2388 531
2390 322
2391 5770
2393 744
2396 2915
2397 546
2397 2655
2398 5507
2399 2397
2399 1837
2399 546
2401 418
2401 3505
2402 3304
2402 5834
2404 2972
2404 580
2406 2892
2407 1946
2408 1049
2408 1452
2410 776
2410 5207
2412 5212
2415 4694
2416 196
2417 2514
2417 135
2417 6552
2419 6519
2420 3892
2421 4302
2422 2943
2423 4736
2425 3718
2425 2148
2426 2680
2427 4431
2427 1803
2428 5840
2428 1716
2429 732
2430 900
2431 419
2431 844
2431 401
2432 1451
2432 3689
2432 5355
2432 6049
2433 3869
2433 449
2434 6438
2435 1588
2435 5569
2436 1933
2437 1759
2439 3341
2439 583
2439 4670
2440 5422
2440 4187
2440 2469
2441 2891
2441 5207
2442 1541
2442 2304
2442 3068
2443 6093
2444 3458
2445 5013
2445 4679
2445 4085
2445 1495
2446 3851
2446 4451
2446 6138
2449 3098
2449 241
2450 6357
2451 858
2452 1545
2452 964
2453 1399
2453 2638
2453 108
2453 2431
2453 1480
2453 5115
2454 2643
2456 6311
2456 1293
2457 6598
2457 5606
2457 4941
2458 2702
2459 6257
2460 1221
2461 1409
2461 5986
2462 399
2463 5165
2463 6370
2464 3756
2464 1284
2465 6023
2465 5604
2466 1287
2467 2170
2467 1739
2469 4006
2469 5960
2470 3360
2471 3546
2475 548
2475 3862
2476 2213
2477 3530
2478 6000
2479 3057
2479 957
2480 4095
2480 5162
2481 664
2481 6442
2482 90
2483 1948
2485 803
2485 1079
2487 4771
2488 6664
2489 947
2489 1997
2490 459
2491 1307
2491 2797
2491 6438
2491 1499
2493 434
2494 4204
2496 3832
2496 1041
2497 3920
2497 4759
2497 4793
2497 4442
2498 4777
2498 1988
2498 5884
2499 4257
2499 6078
2501 2746
2501 115
2503 3284
2504 6481
2505 1978
2505 1706
2505 4010
2505 6222
2506 4326
2507 2848
2507 3952
2510 6035
2511 5819
2511 1734
2512 6671
2513 1557
2515 4963
2516 6559
2519 1816
2520 6544
1921 3524
2525 5421
2526 5170
2527 6626
2530 855
2530 490
2532 4828
2535 702
2536 6550
2536 166
2537 6286
2537 4926
2539 5692
2542 1245
2543 2310
2544 5541
2545 2486
2548 5524
2549 4335
2550 477
2550 1626
2551 1936
2552 2495
2553 5295
2554 6308
2555 719
2555 4748
2555 3381
2558 1952
2559 2063
2559 1406
2559 6430
2561 6535
2562 3723
2564 1148
2564 5348
2564 2122
2565 4039
2566 6342
2567 5229
2567 629
2567 3978
2569 2007
2570 2990
2570 2846
2571 5656
2572 198
2572 5560
2573 4592
2576 861
2576 2117
2577 4307
2578 3129
2578 1288
2579 3696
2580 4052
2582 2111
2583 5338
2583 861
2583 4251
2584 5929
2584 1911
2584 735
2585 160
2586 3175
2587 2722
2588 2210
2590 6481
2590 6547
2591 1220
2593 407
2594 4383
2595 5582
2595 399
2596 5992
2596 1692
2597 2769
2597 663
2597 1688
2598 3975
2599 3478
2600 284
2601 4918
2601 3358
2601 37
2602 1879
2603 1256
2604 2742
2604 2374
2605 3481
2606 4926
2607 431
2609 5872
2611 6527
2612 4947
2613 2790
2613 1387
2614 4461
2616 2608
2617 5797
2619 4301
2622 5286
2622 3826
2623 3524
2623 6650
2624 3802
2624 532
2625 2819
2625 2151
2626 6383
2626 4464
2627 4013
2628 165
2628 4199
2630 3829
2633 6070
2633 5216
2633 6290
2635 6621
2636 4786
2637 3404
2638 2826
2638 1399
2639 1701
2640 4842
2640 2594
2644 1184
2646 3656
2647 540
2647 6471
2647 5181
2647 3980
2647 1248
2648 519
2649 4295
2650 4329
2651 2965
2654 6135
2654 1155
2655 3922
2656 5146
2658 639
2659 6579
2660 1618
2661 5300
2662 5595
2663 4624
2664 5005
2666 6228
2667 3976
2668 6503
2669 3174
2670 3768
2672 6543
2672 3877
2672 4653
2673 4565
2674 1144
2674 335
2675 1940
2675 6560
2677 1088
2678 1694
2678 2798
2678 2380
2678 2678
2679 1811
2679 2542
2682 356
2683 2474
2684 5896
2685 2145
2685 5559
2685 6479
2687 3301
2689 1873
2689 3185
2690 219
2691 4485
2692 3292
2693 5885
2695 640
2696 2917
2697 2332
2698 5824
2699 1842
2700 6342
2701 899
2703 2979
2704 47
2704 610
2704 3210
2705 2490
2706 65
2707 2838
2707 3073
2708 2802
2710 6414
2712 4387
2715 1974
2717 3589
2717 4511
2718 1615
2718 5308
2721 5393
2722 2526
2723 295
2724 6550
2724 3459
2724 4282
2724 2536
2724 5807
2724 5649
2725 2481
2728 4593
2729 198
2729 4015
2730 4237
2732 3782
2733 2644
2734 6163
2734 3402
2736 5363
2737 1003
2738 5999
2739 5143
2739 6332
2741 2419
2742 2998
2742 1068
2742 1280
2743 2757
2746 2310
2747 2365
2748 2203
2748 5701
2749 2573
2750 1806
2751 335
2752 4895
2753 4322
2755 1574
2758 1202
2760 5245
2761 3515
2763 3039
2181 5594
2766 5659
2767 802
2768 3383
2769 5183
2769 5729
2770 2998
2770 606
2771 1003
2772 848
2773 371
2773 2947
2773 5466
2775 1320
2776 1234
2776 2618
2777 2388
2778 5536
2782 478
2782 2389
2783 5453
2783 1635
2783 37
2785 6499
2785 994
2787 2799
2788 1892
2789 828
2790 6147
2790 3972
2791 4432
2792 1777
2793 2212
2794 3520
2796 1694
2796 3983
2796 5200
2798 3942
2799 4740
2800 32
2800 3067
2801 5724
2802 4651
2803 5611
2804 6059
2805 4286
2806 4650
2807 5903
2807 4846
2808 3578
2808 190
2809 6329
2809 2104
2810 4800
2811 1405
2812 1550
2812 5312
2812 6533
2813 3625
2813 5275
2814 5474
2815 1285
2815 5224
2816 5702
2817 5476
2818 3843
2819 1591
2819 3005
2819 153
2819 1418
2821 1723
2821 848
2823 6180
2824 329
2824 1545
2825 5629
2826 4529
2826 625
2827 4447
2827 3330
2828 2030
2829 5508
2830 297
2830 1119
2832 5532
2833 2166
2835 5313
2835 3809
2836 2319
2836 592
2837 616
2838 5739
2838 4860
2840 4142
2840 173
2843 6196
2844 2868
2844 4316
2845 4468
2846 5340
2847 6542
2848 1980
2849 6073
2849 2980
2849 2059
2849 4648
2851 5675
2853 3152
2853 4219
2855 2546
2856 2964
2856 2987
2857 5034
2858 5303
2859 2216
2860 5949
2861 242
2862 730
2863 4634
2863 3124
2865 1710
2867 3975
2868 2704
2870 3810
2872 6129
2873 1489
2873 608
2874 5851
2875 3264
2876 3604
2876 6314
2877 2490
2877 2705
2879 2044
2881 1341
2881 4143
2883 2244
2883 1030
2884 2925
2885 4652
2885 5976
2886 5444
2887 3001
2888 1267
2888 5760
2889 2280
2890 1721
2890 3867
2891 2410
2892 5049
2893 4850
2895 2241
2898 908
2899 3784
2899 924
2900 1402
2902 4838
2903 5948
2903 817
2904 355
2905 240
2908 4346
2909 1361
2910 6417
2910 4693
2910 1870
2910 6533
2912 5019
2912 2414
2913 1231
2914 2583
2914 1255
2915 2636
2916 1113
2917 1232
2917 3125
2918 3671
2918 1886
2919 2817
2919 5476
2920 983
2920 3243
2921 3736
2921 3199
2924 5910
2924 3747
2927 952
2928 5414
2929 2082
2929 729
2930 6438
2930 1622
2931 2963
2931 4588
2932 3501
2932 4900
2933 4061
2934 1258
2934 5746
2935 3416
2936 3338
2937 2411
2938 2284
2938 2258
2940 4308
2940 3071
2941 581
2942 2740
2943 3673
2944 2688
2945 4014
2947 3170
2947 6648
2948 414
2951 2170
2954 5235
2954 3932
2954 641
2956 4525
2956 5803
2958 4479
2958 559
2959 1963
2961 4707
2962 5172
2963 1093
2965 1864
2965 5509
2966 775
2967 4716
2967 2076
2968 4217
2968 6126
2968 4419
2969 5813
2969 4144
2972 280
2974 215
2975 3556
2976 4945
2976 4863
2976 5319
2977 4870
2977 501
2978 1039
2978 675
2979 2714
2980 4457
2980 6423
2980 2337
2981 2994
2981 2442
2981 3068
2982 4901
2985 4593
2987 6587
2989 5295
2989 801
2989 4646
2989 4533
2990 4176
2993 3876
2994 2245
2994 5488
2995 4598
2995 1471
2996 3144
2997 5786
2997 4699
2998 2374
2998 1280
2999 4093
3001 6023
3002 3261
3002 2959
3003 6185
3004 5298
3004 1746
3007 1889
3008 914
3008 5318
3011 784
3011 2833
3012 4343
3012 5383
3013 2537
3014 6343
3015 4543
3017 2564
3018 6224
3019 4767
3020 185
3020 5001
3020 5713
3021 3549
3022 6604
3023 2647
3024 127
3027 795
3027 609
3028 935
3029 912
3029 982
3030 3020
3031 3359
3031 1164
3032 552
3033 1416
3033 1481
3033 2248
3034 411
3035 573
3036 3669
3038 3592
3039 973
3039 6483
3039 4620
3040 1282
3042 512
3043 3208
3043 2998
3044 3213
3045 5834
3045 1261
3046 420
3046 3351
3047 6272
3048 3336
3049 3889
3049 4535
3050 5233
3051 814
3053 4667
3054 1706
3055 3936
3055 6246
3056 2093
3056 4275
3057 957
3060 3455
3060 168
3060 1870
3060 6533
3060 1550
3062 4227
3064 3592
3065 2632
3065 2023
3065 884
3065 6232
3066 5101
3066 1920
3068 2994
3068 1541
3068 5251
3071 4308
3072 5149
3072 3741
3072 2869
3073 4038
3073 4141
3073 5844
3073 2707
3074 649
3075 176
3075 31
3076 5948
3079 6510
3080 3462
3080 4724
3082 4688
3083 1067
3083 1621
3084 5124
3084 1650
3086 3693
3086 2145
3087 4986
3090 3187
3091 1779
3091 3161
3091 3678
3092 2364
3093 5297
3096 5387
3097 6151
3098 4758
3098 5350
3098 2418
3099 3572
3100 6653
3101 1124
3102 681
3102 2997
3102 5210
3103 333
3104 126
3106 1973
3106 4805
3108 3368
3109 5388
3110 4580
3111 3548
3111 3232
3111 5886
3112 5608
3114 1826
3116 1546
3117 258
3117 2523
3118 502
3119 437
3120 5032
3120 362
3121 4376
3125 4084
3126 3501
3127 3012
3127 597
3127 4911
3128 2462
3129 1288
3131 3736
3132 3389
3134 1328
3134 2603
3134 549
3134 1241
3135 3876
3136 5535
3137 4034
3138 981
3139 5418
3140 5510
3140 634
3140 886
3141 3234
3141 2073
3141 2225
3141 3431
3143 2191
3145 2234
3146 2267
3149 1520
3150 6589
3150 30
3151 3986
3153 5990
3153 5738
3154 5704
3155 2060
3156 1784
3157 3184
3158 268
3158 1235
3159 944
3160 902
3162 3187
3164 3164
3164 991
3165 2238
3166 6525
3168 3839
3168 2184
3169 5126
3169 4656
3170 6261
3172 6355
3172 1516
3173 3381
3173 2289
3174 426
3175 4674
3175 4067
3176 5166
3179 4478
3182 1305
3182 5516
3182 563
3182 1406
3183 2284
3185 1873
3186 4933
3187 6658
3188 718
3189 3996
3189 3290
3189 2302
3189 514
3190 2962
3190 382
3190 728
3190 2469
3191 1828
3192 5575
3193 3658
3193 2367
3194 1772
3195 4408
3196 3082
3197 1829
3198 528
3200 2135
3201 358
3202 3418
3202 3588
3204 3707
3204 4129
3204 6003
3205 1015
3206 6145
3206 4343
3206 4664
3207 6131
3209 5062
3209 5433
3209 1987
3211 1106
3213 303
3213 2513
3214 5310
3214 4229
3214 1490
3215 1668
3215 2716
3216 1780
3217 6693
3219 4187
3220 1961
3220 4197
3221 3794
3222 3122
3223 2263
3224 2492
3226 5298
3227 434
3227 930
3228 875
3229 6067
3230 4417
3230 1324
3230 6144
3231 5190
3232 5512
3234 5445
3234 4784
3235 6018
3236 1971
3237 3394
3239 2093
3239 4275
3240 68
3240 4087
3240 1567
3241 4605
3242 4787
3242 6451
3243 3764
3244 3422
3244 4659
3245 6662
3246 1161
3247 3956
3248 63
3248 2019
3249 4564
3250 2262
3250 4127
3251 2612
3252 1825
3252 1608
3252 1163
3252 3741
3252 3264
3253 3456
3254 794
3255 4980
832 5414
3257 1796
3258 5553
1521 1295
3261 3258
3261 430
3262 2338
3262 4383
3262 5446
3262 975
3262 1775
3267 2991
3268 5868
3268 4611
3271 1001
3272 3108
3273 314
3273 1077
3274 1062
3275 4502
3277 4844
3278 525
3278 5209
3279 3391
3280 3961
3280 4774
3280 4327
3281 3600
3286 3287
3287 3286
3288 3608
3289 6229
3289 7
3290 4418
3290 195
3292 6511
3294 5269
3295 2434
3296 3457
3297 5460
3298 3154
3299 212
3300 3295
3301 3059
3301 6448
3302 5759
3303 381
3305 1584
3306 2877
3307 5118
3309 6431
3309 6622
3309 6514
3310 5719
3311 6004
3312 3640
3312 758
3312 5627
3314 4349
3315 2715
3316 2985
3317 2146
3318 4426
3318 2839
3319 1085
3319 3050
3319 5556
3320 1439
3321 4639
3321 5457
3323 5167
3323 3619
3326 5440
3326 1631
3327 6226
3328 3318
3328 4726
3328 3167
3328 4902
3328 2754
3329 553
3329 458
3330 5916
3331 6122
3332 4159
3335 1661
3336 2206
3337 4232
3337 947
3337 2947
3338 1361
3338 5946
3339 5155
3339 4379
3340 1493
3340 5947
3343 1868
3343 4886
3344 5842
3345 3226
3345 197
3346 1042
3348 5655
3349 725
3350 3997
3350 892
3351 6525
3351 3166
3352 6648
3355 3221
3356 4663
2723 2395
3358 2372
3359 79
3361 172
3362 6124
3363 1299
3364 3620
3366 949
3367 4141
3368 927
3368 1946
3369 6482
3370 224
3370 4248
3371 1756
3372 3856
3373 2629
3373 4992
3374 3492
3375 4630
3376 3107
3376 2360
3377 3995
3378 6274
3378 5426
3379 301
3380 1791
3381 2555
3383 1089
3384 2574
3385 4888
3386 1467
3387 4042
3388 3522
3389 6402
3390 103
3391 1686
3392 762
3395 3729
3396 6635
3396 5184
3397 4599
855 1607
3399 3264
3400 1504
3401 3568
3404 4443
3404 6622
3405 1651
3406 3384
3406 3502
3406 2733
3407 3308
3409 117
3411 3103
3412 2503
3414 4433
3415 5632
3416 392
3420 3294
3422 3244
3422 4719
3423 6529
3425 332
3426 4838
3427 1884
3428 1033
3429 4038
3429 2427
3430 1697
3432 6362
3433 1437
3433 5862
3435 4189
3436 277
3437 3347
3437 3356
1873 2761
1873 3658
3439 1782
3440 627
3440 1962
3441 2356
3442 4077
3442 6079
3443 5719
3444 2936
3447 1339
3449 1908
3449 4801
3450 1077
3451 5333
3451 2977
3452 687
3453 2271
3453 3470
3453 6307
3453 4152
3455 5312
3456 1786
3457 3053
3457 3683
3458 3546
3458 2471
3459 6550
3459 2536
3460 2310
3460 4390
3461 5602
3461 3461
3462 6070
3462 3337
3463 6254
3464 5225
3465 90
3465 5250
3466 3440
3469 3996
3469 2599
3470 6307
3471 5567
3472 4608
3473 4700
3473 4974
3474 5384
3477 673
3478 5694
3478 1598
3480 5845
3484 2096
3486 3486
3487 6603
3488 213
3494 460
3494 4106
3495 3495
3496 2526
3496 2587
3496 3581
3497 1847
3498 4625
3498 243
3499 1462
3500 2288
3503 2956
3504 5323
3505 271
3507 4154
3508 2896
3508 22
3509 2359
3509 5895
3511 5141
3511 5647
3512 3504
3513 509
3516 1888
3516 3916
3518 5448
3519 3304
3520 2022
3524 6397
3524 3869
3526 987
3528 1678
3528 3680
3528 2038
3529 1648
3531 1751
3532 5958
3535 5532
3536 255
3537 3146
3538 6614
3539 5956
3540 2711
3541 3788
3541 5484
3542 893
3543 6090
3544 2690
3545 44
3547 4025
3547 4230
3548 3647
3549 4519
3551 3999
3552 373
3552 3918
3553 4258
3553 3344
3553 5199
3554 6576
3555 1751
3556 4212
3558 838
3559 378
3559 5602
3561 3353
3564 1681
3564 1602
3568 2127
3568 1207
3569 5601
3570 2548
3572 822
3572 96
3573 1090
3574 3729
3575 2542
3575 5235
3575 5271
3575 3959
3576 5560
3577 1385
3578 6483
3580 1323
3581 6112
3582 1213
3583 2126
3584 5243
3585 3788
3586 3728
3586 4797
3587 6437
3589 5159
3591 6127
3592 172
3592 3361
3593 670
3594 5650
3594 5967
3595 4134
3595 884
3595 6559
3596 6045
3596 1554
3597 4356
3598 6236
3599 928
3600 4861
3600 2311
3601 3698
3603 1840
3603 336
3604 2552
3604 1696
3605 1291
3608 6382
2744 4428
3610 5325
3612 968
3613 4271
3615 1861
3616 1880
3616 1536
3617 5566
3617 6294
3618 3961
3618 898
3619 5752
3619 6111
3620 2347
1246 5287
3622 2902
3622 1665
3623 3639
3624 2144
3626 566
3627 6330
3628 681
3628 1993
3629 5000
3629 1996
604 5279
604 2549
604 6421
604 2389
605 285
605 299
3633 5335
3634 3480
3634 1900
3634 1368
3634 5456
3636 5328
3637 4716
3638 787
3640 758
3641 340
3641 1433
3642 6032
3642 4657
3643 244
3643 876
3644 2987
3645 4180
3646 3204
3647 1101
3647 2052
3648 5115
3650 3698
3650 4607
3651 4378
3652 5893
3654 4812
3654 5012
3655 1866
3655 739
3655 6153
3658 6153
3659 1287
3659 1096
3660 5266
3662 4259
3665 198
3665 2545
3665 309
3666 6663
3667 971
3668 5955
3668 4809
3669 5383
3670 5112
3672 912
3673 1699
3674 4111
3674 5354
3677 3286
3677 691
3677 4550
3678 5416
3679 2091
3679 2037
3679 4567
3680 2038
3682 6201
3683 6080
3684 3703
3685 2190
3686 519
3687 2385
3688 1479
3688 6141
3688 3936
3689 6040
3689 1024
3689 249
3691 2250
3692 3479
3694 5117
3695 2845
3695 89
3697 2811
3697 4277
3698 1708
3698 1297
3701 2534
3702 3742
3702 1027
3702 6118
3703 5965
3704 2563
3706 3796
3707 6003
3708 114
3711 6687
3712 5640
3712 3729
3714 1131
3715 5669
3716 6060
3718 3659
3719 4274
3720 538
3721 4718
3723 5027
3723 6465
3726 5017
3727 535
3727 6250
3727 2283
3728 4998
3728 1072
3730 2380
3732 5336
3732 5440
3733 4936
3734 4690
3734 6630
3735 616
3736 2805
3737 1367
3738 5110
3739 2976
3741 4329
3741 2971
3742 2681
3742 6109
3743 5434
3744 4422
3745 4153
3747 5900
3747 6377
3747 5545
3748 2451
3748 858
3749 3046
3750 6539
3751 5088
3752 4523
3753 2110
3754 5294
3754 1818
3755 5098
3756 1802
3756 252
3757 4319
3757 1790
3758 4247
3759 3912
3760 4195
3761 291
3765 1611
3766 2134
3767 654
3769 6336
3770 35
3771 5423
3772 1117
3773 4585
3773 2881
3775 6030
3775 574
3776 1846
3777 1570
3778 342
3778 3799
3780 2745
3782 1141
3782 4029
3783 3993
3783 1268
3783 4405
3784 2151
3784 2625
3786 6051
3787 1720
3790 6679
3791 58
3791 457
3792 5244
3792 1792
3793 5523
3794 2726
3794 6509
3794 217
3795 4645
3797 3874
3798 1689
3799 71
3800 6033
3800 5264
3800 1226
3800 599
3800 1359
3800 1169
3801 814
3801 4552
3803 4634
3803 6627
3803 5535
3803 397
3804 5601
3805 468
3805 1090
3806 3159
3807 2034
3808 2969
3811 183
3812 4381
3813 4501
3816 791
3817 3041
3818 3373
3819 2470
3819 121
3821 306
3822 694
3822 6255
3823 1374
3825 6554
3825 5505
3827 3944
3828 1346
3828 4510
3830 1009
3830 2396
3831 5628
3832 4969
3834 1891
3834 2742
3834 2998
3834 1280
3835 2208
3836 2401
3839 785
3841 1980
3843 3127
3843 4292
3844 4367
3844 3550
3846 5087
3847 578
3847 1740
3848 1905
3849 6404
3849 5982
3849 1781
3850 3523
3851 6053
3853 870
3855 5093
3856 3236
189 6400
3859 6042
3859 5848
3861 1458
3862 3056
3863 3813
3863 4323
3863 4413
3864 59
3866 2476
3867 3900
3870 1859
3873 2336
3874 5921
3874 5023
3874 5914
3875 280
3878 5516
3878 4717
727 2751
3882 3114
3882 1594
3883 1735
3884 5763
3885 1755
3886 3903
3887 3733
3887 3948
843 351
3889 4535
3890 6447
3891 6206
3892 6304
3892 6495
3893 2642
3893 316
3893 720
3895 1354
3896 4595
3897 3738
3898 3376
3898 4942
3899 4339
3901 743
3902 3405
3904 3955
3904 782
3904 2956
3904 1016
3904 484
3904 3285
3904 323
3905 2012
3905 571
3906 6674
3907 3939
3908 4881
3909 6656
3909 1527
3910 819
3910 66
3911 1981
3913 4705
3914 2282
3917 2884
3918 4183
3919 1303
3919 3147
3920 4429
3920 4160
3920 4389
3922 839
3923 2698
3923 3510
3925 178
3925 450
3925 626
3925 390
3926 2723
3926 2395
3927 3518
3928 791
3928 2362
3928 4835
3929 5674
3929 6310
3929 1874
3930 6541
3931 1639
3931 36
3934 4333
3935 2763
3935 3978
3940 2592
3940 4716
3941 4015
3941 3613
3941 5871
3941 5519
3941 717
3942 1275
3942 3465
3943 5357
3945 3385
3946 1944
3947 4508
3949 4571
2112 1707
3951 1613
3952 273
3952 2848
3952 579
3953 6480
3953 6006
3954 5653
3957 4939
3958 4525
3961 3618
3961 6097
3962 996
3963 637
3964 2357
3964 340
3964 3641
3965 850
3965 431
3965 124
3965 1064
3966 4102
3966 6368
3967 1505
3968 2784
3968 1136
3968 191
3968 1517
3969 6484
3971 4556
3972 3835
3973 4944
3973 652
3973 1359
3975 3307
3975 5118
3975 5991
3976 5875
3977 4849
3977 4486
3977 4807
3978 3039
3978 3207
3981 4503
3983 1497
3983 3730
3983 6693
3984 828
3984 1171
3985 5945
3985 870
3986 1187
3986 3860
3988 6280
3988 69
3989 4540
3992 2423
3992 4736
3992 4690
3993 1185
3995 3880
3996 1126
3996 3290
3996 3189
3996 195
3997 1903
3998 3414
3998 1454
4001 4338
4002 5307
4003 3834
4003 4641
4003 5166
4004 1435
4004 1205
4005 923
4006 5960
4006 2004
4006 382
4009 4009
4010 2675
4010 2505
4012 4904
4014 6164
4015 440
4015 3941
4015 1532
4015 1213
4015 2028
4015 198
4018 909
4019 3559
4020 3232
4021 938
4021 5189
4022 6160
4024 4133
4024 5068
4025 4230
4026 2160
4026 5047
4027 5783
4028 4023
4029 2472
4030 506
4031 2164
4033 1274
4034 2666
4036 6090
4037 2345
4038 2707
4038 2427
4039 1456
4040 175
4041 1883
4044 2653
4044 2534
4045 3443
4046 231
4046 3590
4047 2759
4048 1229
4049 3960
4049 5011
4049 6586
4049 2575
4050 2141
4050 1293
4051 5932
4051 2809
4052 5223
4053 3113
4054 1153
4054 3762
4054 3946
4054 5216
4055 12
4055 4568
4056 1560
4056 2525
4056 2303
4056 76
4056 5081
4058 5257
4059 872
4062 1357
4062 1731
4063 940
4064 2417
4064 2495
4065 2515
4068 4238
4070 6018
4070 3789
4071 1840
4073 735
4074 1251
4074 4329
4075 6501
4075 359
4075 939
4076 4076
4077 4126
4078 2786
4079 3909
4080 5649
4081 3152
4081 4088
4082 3485
4082 5737
4083 2866
4083 1800
2951 605
2951 2928
2951 5414
4087 2640
4087 4106
4088 2916
4089 5060
4089 3924
4090 5776
4090 3839
4091 6239
4092 2145
4095 5162
4096 1677
4097 2
4097 2523
4098 5601
4099 3372
4099 4042
4100 3494
4101 5892
4103 3830
4103 4634
4105 2000
4106 3240
4106 68
4106 4087
4107 944
4108 5670
4109 4449
4110 4215
4111 1341
4111 3674
4112 880
4114 4404
4114 5028
4116 5624
4116 1836
4116 6684
4117 1746
4118 3710
4121 4779
4121 6187
4122 1623
4124 4163
4125 1625
4125 1889
4125 3007
4125 4135
4126 1463
4127 4406
4128 5406
4130 806
4130 3350
4131 4737
4132 4785
4132 2389
4133 2058
4133 4024
4134 3939
4134 2131
4134 6211
4134 4361
4135 1843
4136 4865
4138 1982
4139 4396
4140 4188
4141 691
4143 2424
4144 1020
4145 2620
4146 2969
4147 3030
4147 3030
4147 727
4147 6570
4149 366
4151 2588
4151 5942
4152 5037
4153 2024
4154 3614
4154 5074
4155 478
4155 6421
4156 611
4157 1741
4158 5658
4158 2437
4158 4690
4159 847
4160 5639
4160 5401
4161 5556
4162 3917
4162 6331
4163 6463
4164 2726
4164 3794
4167 5065
4167 1276
4168 5644
4171 2553
4172 3929
4172 3289
4174 6636
4175 622
4175 6686
4176 2334
4177 6530
4178 5376
4178 5366
4179 469
4181 6234
4182 516
4182 4509
4183 2520
4184 999
4184 345
4186 3581
4187 5836
4188 1268
4189 1162
4190 283
4190 6267
4192 4032
4193 5305
4193 1538
4194 2190
4194 5156
4195 5418
4196 52
4198 2588
4199 693
4200 3633
4201 6660
4201 5623
4202 1012
4202 604
4203 4558
4203 4866
4204 4357
4205 1440
4205 6496
4206 4398
4207 841
4208 4979
4208 6671
4209 1719
4210 4686
4210 4548
4211 3758
4212 1461
4214 5621
4215 5385
4217 5455
4219 6129
4220 6120
4221 5730
4221 3920
4221 4160
4221 4649
4221 2497
4222 3676
4226 3222
4228 5315
4230 5768
4231 1994
4231 6
4232 2489
4233 5176
4234 6185
4237 5782
4240 414
4240 414
4240 6175
4241 325
4245 3211
4246 2802
4247 6486
4247 3758
4248 5747
4249 6510
4250 3571
4253 530
4254 3449
4254 3723
4254 2562
4254 1493
4254 6468
4254 5078
4255 751
4256 6450
4257 3302
4258 3627
4260 5540
4260 590
4261 4998
4261 3586
4261 1004
4263 4007
4264 4470
4266 4834
4266 6215
4266 730
4266 5525
4267 755
4270 4239
4272 2973
4273 4445
4273 3308
4273 1713
4274 3043
4274 6519
4279 249
4281 460
4281 569
4282 5095
4282 4665
4282 4173
4283 5628
4284 5044
4285 3763
4286 3131
4286 3199
4287 2726
4287 1897
4287 910
4288 4725
4289 5454
4291 5459
4293 3378
4294 5369
4294 1046
4296 4042
4297 2443
4298 6151
4298 2588
4299 5857
4300 2145
4301 5432
4302 918
4302 1047
4302 2776
4304 172
4305 2940
4308 965
4308 1415
4311 3422
4312 5188
4313 4118
4314 2911
4315 4999
4315 6309
4316 2868
4318 5754
4320 270
4321 3803
4322 133
4323 4809
4324 950
4325 3606
4326 1095
4327 674
4328 3140
4329 3741
4330 2724
4330 166
4331 4331
4332 3946
4334 5099
4335 2789
4336 346
4337 834
4338 3252
4339 6592
4339 4527
4340 3552
4340 373
4341 1698
4342 894
4343 4911
4344 3267
4346 5736
4346 1244
4348 4480
4351 5010
4352 6695
4354 85
4354 2278
4355 6673
4358 969
4359 5970
4360 3583
4361 3939
4361 2131
4362 6337
4363 4528
4364 645
4364 2710
4365 3690
4368 2218
4368 5242
4369 4632
4370 5846
4372 4917
4372 5646
4373 5970
4374 6670
4376 4790
4377 4377
4379 2265
4379 3339
4379 4697
4380 1393
4382 3977
4382 6408
4383 4863
4383 2567
4384 3982
4384 2713
4385 5757
4386 3772
4387 2830
4390 2310
4391 2394
4392 3121
4392 6381
4394 5064
4394 5040
4396 2646
4397 5855
4398 2262
4398 5752
4399 4950
4399 1368
4400 4240
4400 5472
4401 352
4401 5571
4402 1431
4404 3779
4404 1890
4406 5752
4407 5497
4407 3291
4407 1953
4410 5265
4411 6058
4412 2631
4413 4533
4414 3272
4415 6076
4416 3990
4416 1559
4417 6064
4418 3488
4418 840
4418 4838
4420 3212
4421 1533
4421 1414
4422 941
4423 2013
4424 5666
4424 5779
4425 823
4426 2112
4428 2886
4430 6462
4431 3834
4431 2427
4432 108
4432 1287
4432 2815
4432 2466
4432 476
4433 3998
4434 6291
4434 2023
4435 2748
4435 4350
4436 6551
4437 25
4437 3743
4438 5933
4438 6520
4439 4709
4439 1230
4440 2167
4440 5154
4442 1805
4442 2497
4442 4793
4442 250
4442 210
4444 3446
4446 4129
4447 1283
4448 2450
4449 2682
4450 5598
4452 4203
4452 1200
4452 1254
4452 1315
4453 2994
4453 2671
4454 785
4456 1036
4457 1979
4457 6647
4458 3298
4458 3154
4459 1769
4459 6378
4460 3735
4462 5548
4463 1316
4465 5675
4466 3223
4466 5603
4466 5749
4467 3204
4467 6003
4467 4446
4468 4555
4469 3493
4469 5717
4469 2081
4469 203
4469 5860
4470 5487
4472 4309
4473 228
4473 2122
4475 5090
4476 5372
4476 2958
4476 3557
4476 559
4477 1715
4478 1636
4480 1879
4481 2298
3341 3675
3341 4670
4483 3060
4483 5278
4484 3425
4487 2002
4487 1576
4487 2701
4487 1589
4488 2630
4488 3829
4489 1214
4489 4851
4490 1190
4492 831
4494 1296
4497 2194
4498 3824
4498 1812
4498 480
4503 141
4503 379
4503 5545
4505 2087
4507 752
4507 13
4509 3751
4509 2065
4511 2120
4512 4681
4512 2460
4513 5382
4514 1185
4515 5329
4516 3491
4517 1706
4517 1020
4518 4995
4519 5160
4520 6227
4521 3929
4522 881
4522 5703
4523 3806
4525 671
4526 5129
4526 6221
4527 6592
4530 2854
4532 6334
4532 498
4533 2989
4533 4061
4533 4323
4533 3509
4533 1925
4534 2307
4537 6332
4538 4407
4539 1332
4539 3327
4541 835
4542 1481
4542 144
4545 2828
4545 4810
4546 3865
4546 1070
4549 4754
4550 5524
4550 1729
4551 845
4551 4119
4551 5928
4553 6605
4553 1376
4553 4165
4553 1970
4554 990
4555 4476
4556 4612
4557 1056
4558 4203
4558 6136
4560 389
4560 4341
4561 2908
4562 4804
4563 5122
4565 2872
4566 2186
4567 4959
4568 5849
4569 190
4570 3419
4570 943
4572 1011
4573 2202
4574 3014
4574 6669
4575 6073
4576 4280
4577 3551
4577 2378
4578 4441
4579 1152
4579 4043
4580 3171
4581 2516
4583 5781
4583 1321
4584 2950
4584 1747
4585 2881
4587 4769
4590 2163
4591 2877
4591 5777
4592 1358
4594 5790
4595 1553
285 5414
4597 4148
4597 1679
4598 1203
4598 834
4598 1013
4600 1161
4601 2338
4602 6674
4603 1542
4604 4199
4606 3915
4607 3698
4608 5469
4611 199
4613 4831
4614 1190
4615 6056
4615 2012
4617 4768
4618 5630
4619 2946
4621 1516
4622 6056
4623 361
4626 503
4626 4310
4626 2999
4626 4093
4627 4226
4627 5202
4631 235
4631 4866
4632 6488
4632 5166
4634 4008
4635 2911
4635 4314
4635 1714
4638 1863
4639 1515
4640 2361
4641 3834
4642 3458
4643 4059
4645 721
4647 5792
4648 4808
4650 2762
4650 1833
4652 6579
4652 5397
4653 5700
4654 2198
4655 2359
4657 6032
4659 1175
4659 6059
4661 4483
1659 5708
4663 862
4665 6417
4665 5312
4665 2812
4665 1550
4666 3332
4667 1443
4668 4849
4669 915
4669 5849
4669 12
4669 700
4670 6610
4671 3018
4672 983
4673 1551
4675 3417
4676 4610
4676 1404
4677 3392
4678 3279
4679 5429
4679 6036
4679 4013
4679 5827
4679 4994
4679 3314
4680 550
4681 2460
4682 4224
4682 2242
4683 307
4684 5921
4685 2828
4687 6449
4687 6608
4689 1572
4691 3717
4693 1870
4694 448
4695 57
4696 5498
4696 3838
4697 2578
4698 6519
4699 2997
4699 1610
4700 4974
4702 4773
4702 6085
4704 4554
4706 3821
4707 1129
4707 4082
4708 4575
4709 1230
4710 4269
4710 5926
4711 1844
4712 1885
4712 1125
4713 2828
4713 5425
4713 188
4714 4167
4714 1486
4714 1003
4715 6215
4716 2592
4718 3616
4718 3721
4720 1704
4721 843
4721 2243
4723 2823
4724 1137
4727 34
4727 237
4727 2920
4727 2056
4730 1574
4730 2755
4731 677
4731 3970
4731 882
4734 5631
4734 1174
4735 3180
4737 3553
4738 4272
4740 2583
4741 1897
4741 4287
4742 398
4742 4455
4744 6148
4744 1078
4745 2209
4745 2297
4747 1880
4747 1440
4747 3616
4748 2555
4748 2338
4748 6068
4748 2594
4748 1775
4750 1574
4750 1417
4751 710
4751 2704
4751 5377
4753 6462
4755 5573
4755 4937
4756 2810
4757 5706
4758 4436
4758 1951
4759 1683
4759 3019
4759 3052
4760 450
4761 2117
4762 5601
4762 4153
4763 3518
4763 2323
4764 5411
4765 4792
4766 798
4767 3127
4767 676
4768 381
4769 715
4770 5132
4771 1379
4772 6403
4772 3158
4772 4783
4773 800
4773 4091
4774 3280
4775 328
4776 1887
4776 3474
4776 206
4776 6669
4777 4149
4777 2498
4778 6011
4779 1272
4779 5523
4780 2981
4781 276
4781 5699
4781 284
4782 3429
4782 6107
4782 4746
4784 1992
4786 5239
4786 1238
4787 6451
4788 5944
4788 3581
4789 5559
4790 2165
4791 5272
4792 4767
4793 1805
4794 3883
4795 6216
4795 1959
4796 3989
4796 1115
4796 6096
4798 3758
4799 3963
4802 3210
4803 2896
4803 551
4805 6289
4806 3429
4807 4486
4808 3468
4808 1695
4809 5955
4814 2916
4815 6304
4816 331
4818 4199
4821 1250
4823 2583
4824 731
4825 5727
4825 2522
4826 4679
4826 5199
4827 1658
4828 1211
4830 6482
4832 5526
4833 3727
4834 2869
4835 3928
4835 2770
4835 818
4836 5503
4837 4465
4838 2902
4839 1024
4840 3325
4841 4690
4842 2640
4842 2594
4842 284
4843 2104
4844 5943
4845 1736
4845 1151
4846 1748
4847 2745
4847 4386
4848 3833
4849 3977
4849 6532
4850 48
4850 3088
4850 6426
4851 6441
4852 4484
4854 3978
4855 412
4856 2328
4859 5555
4860 5739
4864 5251
4864 3104
4864 3068
4865 23
4866 2023
4867 3491
4867 4516
4868 1807
4868 1159
4869 2029
4870 1075
4870 2204
4872 1127
4873 1454
4874 1086
4875 4608
4875 193
4876 3324
4877 5230
4878 1577
4878 5068
4878 4024
4879 4487
4879 5722
4881 2974
4882 2383
4882 6084
4882 1817
4883 5547
4885 6671
4885 5955
4886 3868
4886 2986
4887 5916
4889 2744
4890 6205
4891 5582
4891 3128
4892 3412
4894 5856
4894 5144
4895 5527
4896 6386
4897 5678
4899 2510
4899 905
4900 3825
4902 5236
4905 6679
4906 3192
4906 5575
4907 3010
4908 409
4908 2448
4910 3989
4910 3091
4911 4850
4911 2893
4913 6332
4914 6074
4916 5843
4916 5517
4917 5743
4918 1990
4918 2225
4919 1850
4920 1293
4921 4440
4923 708
4923 4923
4923 4260
4923 590
4923 6158
4924 5452
4925 5737
4926 2537
4928 5052
4930 5127
4932 293
4932 646
4933 2560
4934 4909
4935 1394
4938 1805
4938 5401
4940 3513
4941 4057
4942 3954
4942 5617
4944 6128
4944 5883
4944 652
4944 2569
4945 2976
4945 2236
4945 1096
4945 2055
4946 6416
4948 6476
4949 5795
4951 859
4952 6133
4953 4745
4953 2297
4954 292
4955 2373
4957 4035
4957 321
4957 5727
4958 371
4958 2947
4959 1725
4959 1397
4960 6547
4960 2590
4961 1906
4962 4676
4964 416
4965 5241
4966 449
4967 5723
4967 4060
4967 2036
4969 2614
4970 2350
4971 5625
4971 252
4973 2259
4974 4274
4975 760
4976 5417
4977 3031
4977 3359
4978 2212
4978 5726
4980 961
4981 4772
4982 2683
4983 2894
4984 6452
4984 2173
4985 1953
4986 146
4986 1482
4987 6225
4987 3771
4988 327
4990 5619
4991 2911
4991 3539
4992 2629
4994 5407
4995 3315
4996 770
4996 6018
4996 5312
4997 4609
4998 3728
4998 3077
4998 3586
4999 4122
5000 3441
5001 5676
5002 5653
5002 2215
5002 1793
5003 6253
5003 5874
5004 591
5006 994
5007 4506
5009 2213
5010 1559
5013 392
5013 1495
5015 6342
5016 1847
5017 6129
5019 90
5020 5020
5021 108
5022 5404
5022 4505
5023 2639
5023 2572
5023 4348
5024 1199
5026 1079
5026 2341
5027 3723
5027 2766
5027 982
5028 4123
5029 2973
5031 5903
5031 6459
5031 5224
5031 4975
5032 4916
5032 5040
5033 3078
5034 6513
5036 2641
5037 1011
5037 4572
5038 4898
5038 1097
5041 5041
5042 3580
5043 4951
5045 2400
5045 1737
5049 2090
5050 1799
5051 6193
5052 4957
5052 2842
5052 5371
5053 918
5053 3552
5053 2421
5053 1047
5054 5220
5055 3739
5058 3591
5067 3807
5069 4251
5070 2283
5071 1663
5073 4163
5075 5529
5076 2163
5076 72
5077 5098
5079 3685
5080 1620
5081 5804
5081 1412
5083 5613
5084 2593
5085 6062
5087 4156
5088 6409
5089 1654
5091 6575
5091 4176
3281 2501
3281 4861
5093 6692
5094 6660
5094 765
5094 2296
5095 1893
5097 1341
5098 1498
5098 3904
5101 1693
5102 6162
5103 730
5104 3865
5106 521
5107 4017
5108 4252
5109 1321
5110 2415
5111 5548
5114 218
5115 2826
5115 1399
5115 2431
5115 5021
5116 232
5117 4933
5119 986
5119 5205
5120 4226
5120 4627
5121 3948
5122 948
5123 409
5123 5388
5125 3270
5128 3370
5130 2054
5130 2718
5132 6243
5133 921
5134 657
5135 4913
5136 6475
5137 6665
5138 4398
5138 4406
5139 5599
5140 4300
5142 4372
5143 5831
5147 1579
5148 1160
5149 3072
5149 4834
5152 3602
5152 6135
5153 5965
5153 150
5153 3865
5154 4859
5155 2950
5155 3339
5156 1314
5156 5922
5156 4393
5157 1086
5157 4874
5158 3914
5159 1657
5161 3510
5163 2741
5166 5454
5166 6466
5170 4728
5171 5600
5171 2922
5172 728
5173 6594
5174 4225
5174 113
5175 2671
5176 625
5177 2546
5177 2855
5179 6320
5181 5399
5181 6065
5185 3380
5185 5329
5186 200
5187 3553
5188 2116
5189 3767
5189 2028
5190 706
5191 3872
5192 6424
5193 3577
5193 4283
5194 5670
5194 4108
5195 5642
5197 6198
5198 1280
5199 4258
5199 19
5201 6331
5202 2256
5203 1754
5203 677
5203 1169
5204 668
5204 5688
5204 1139
5204 3225
5205 986
5207 1506
3088 4101
3088 2960
5209 4749
5210 681
5211 1228
5211 5608
5211 3728
5214 6281
5214 4582
5215 5822
5216 2271
5217 5628
5218 4011
5218 537
5218 1806
5219 5680
5220 1225
5222 4499
5223 4587
5224 3181
5225 6013
5226 5968
5226 5989
5228 672
5228 5471
5229 3061
5229 860
5229 3245
5229 6662
5229 3978
5230 3471
5231 5155
5231 3339
5232 801
5233 2283
5233 6493
5233 5227
5233 5769
5234 6389
5234 3938
5234 929
5234 1602
5235 2954
5235 2368
5236 4040
5238 312
5239 1238
5241 2711
5241 5749
5241 4466
5242 749
5243 5069
5244 291
5245 4025
5246 3544
5247 1062
5248 619
5249 3535
5251 493
5251 4453
5251 5488
5252 3083
5253 6526
5254 2228
5254 5882
5254 3746
5254 5525
2324 4352
5256 3793
5257 5478
5258 2566
5258 2700
5261 2171
5261 3625
5262 4424
5263 1075
5263 1962
5263 1797
5263 3394
5263 3571
5265 1101
5266 1390
5266 3585
5267 3107
5268 1325
5270 426
5271 1852
5271 1381
5272 4636
5273 1547
2243 5869
2243 2920
5275 1341
5275 1774
5277 3434
5279 4132
5279 6259
5279 3956
5279 2389
5280 1104
5281 242
5282 4006
5282 2469
5283 3765
5283 1919
5283 1619
5284 5322
5284 1266
5286 3826
5287 59
5288 2764
5288 6007
5289 5917
5291 672
5291 6080
5292 5424
5293 911
5294 4831
5295 2989
5295 455
5296 538
5296 1400
5297 2748
5297 1916
5299 1006
5301 421
5302 2581
5304 2281
5304 6390
5306 5247
5306 5783
5308 6577
5311 5693
5312 6533
5312 770
5314 1360
5314 739
5315 207
5315 905
5315 4899
5317 3706
5318 2795
5319 1824
5320 2580
5321 4550
5321 1595
5321 3816
5322 616
5322 4193
5323 959
5325 2414
5325 90
5327 275
5329 1771
5330 2739
5331 3411
5331 4709
5331 3719
5332 2015
5333 6573
5333 2977
5334 4675
5335 3633
5335 1108
5336 1487
5338 4761
5339 208
5340 6575
5341 1597
5342 1959
5343 6250
5344 2444
5345 267
5345 6218
5346 4832
5347 5627
5348 73
5348 5950
5350 3774
5351 4976
5352 2245
5352 131
5353 4947
5354 1497
5354 6617
5357 601
5358 3520
5359 994
5361 3346
5364 5913
5364 5200
5365 6496
5367 6655
5367 173
5368 3563
5368 2220
5368 1455
5369 1176
5369 3898
5369 1584
5370 721
5371 6657
5373 3522
5375 1923
5376 1894
5377 705
5379 324
5380 5841
5380 750
5381 6631
5383 3568
5383 344
5383 5963
5384 872
5385 5493
5385 5953
5385 4218
5387 2324
5388 4692
5388 112
5389 4437
5393 5393
5393 1278
5393 596
5394 5181
5395 1107
5396 3006
5396 4167
5397 6579
4929 3460
5400 2354
5400 6583
5402 1459
5403 746
5403 4117
5404 5165
5405 3439
5408 1515
5408 5408
5408 2020
5409 4738
5411 1300
5411 5578
5413 3468
5413 1426
5414 1739
5414 299
5415 2850
5416 2125
5417 2416
5418 3760
5420 3722
5422 2173
5424 3873
5425 4801
5425 5898
5428 2925
5429 4349
5430 208
5431 2350
5431 6453
5431 5927
5433 1987
5434 2871
5434 4766
5434 3743
5435 5013
5435 4013
5435 2035
5435 4679
5435 1495
5435 6105
5436 924
5436 442
5437 4107
5438 5240
5439 6618
5439 3862
5440 2779
5440 1614
5440 3732
5442 4268
5444 1878
5445 1175
5446 5808
5447 1941
5448 6461
5448 3554
5448 5039
5449 695
5450 3672
5451 598
5452 3153
5452 2382
5452 5738
5453 1635
5453 37
5455 643
5456 2330
5457 2451
5458 4550
5461 2420
5461 453
5461 1100
5461 291
5462 976
5463 3154
5464 6335
5466 371
5467 5014
5469 5776
5469 1512
5470 6671
5473 2832
5475 6195
5475 4372
5475 2970
5476 5475
5477 800
5478 1703
5479 1271
5479 2810
5480 6407
5480 2149
5481 6487
5481 528
5482 2014
5482 5178
5482 1617
5483 5835
5483 4623
5484 4074
5485 4545
5485 2030
5486 6291
5487 4671
5488 2994
20 351
20 4721
20 2243
5490 4857
5491 1749
5492 2193
5492 757
5493 4161
5493 1836
5494 3562
5495 1641
5497 1199
5498 3420
5498 3838
5499 337
5500 6237
5500 1396
5501 1039
5502 936
5503 974
5504 2203
5504 5496
5504 1916
5505 6554
5509 850
5509 1864
5509 541
5510 2252
5510 2676
5511 5023
5512 738
5513 111
5514 4660
5516 4717
5518 2834
5519 198
5520 1964
5522 1208
5523 6647
5523 4336
5525 2228
5525 730
5525 3975
5527 32
5528 4759
5529 4836
5530 4261
5531 2201
5532 1639
5532 2473
5533 3871
5534 1111
5537 5670
5538 5118
5538 1530
5539 5686
5540 5540
5541 4853
5541 2544
5542 1264
5543 4262
5544 5164
5544 2907
5545 6480
5546 4018
5547 4785
5549 2329
5551 4549
5551 33
5551 1175
5553 5320
5554 6595
5555 3536
5557 1620
5557 1489
5558 4688
5558 6617
5559 6028
5560 198
5560 1812
5560 4930
5561 2040
5561 2283
5562 2152
5563 544
5564 5386
5565 3653
5566 6518
5567 5451
5567 2808
5568 1967
5569 1588
5570 6230
5570 1892
5571 1907
5572 5055
5573 4937
5576 6153
5577 4625
5577 1508
5578 5892
5578 5411
5578 2500
5578 4600
5579 5919
5581 4733
5584 4754
5586 3064
5587 2453
5588 5426
5589 4557
5590 5723
5591 2173
5591 4984
5592 5062
5593 2351
5594 2895
5596 214
5596 1037
5597 3269
5599 6101
5600 2922
5601 4321
5601 4762
5602 2359
5602 6318
5602 5462
5602 4481
5602 3461
5604 4892
5605 2467
5608 724
5608 794
5608 5169
5608 5211
5609 5776
5611 6276
5611 1974
5613 454
5614 2299
5616 5391
5617 5653
5618 3058
5619 4368
5620 1110
5622 319
5623 6660
5625 252
5626 1406
5626 2559
5627 1087
5628 5890
5628 59
5628 1301
5630 717
5630 3874
5631 4734
5632 776
5633 2877
5633 2414
5633 3306
5634 1063
5635 783
5636 6166
5636 1474
5636 1664
5637 4552
5638 4679
5638 6156
5639 6522
5640 3574
5641 2896
5641 22
5643 2537
5644 3105
5645 6608
5646 5743
5648 4148
5648 4112
5649 6186
5649 770
5649 3789
5649 4996
5649 1524
5650 2506
5651 4550
5651 3677
5651 2988
5652 3410
5654 4114
5656 1310
5657 4367
5658 3716
5659 6661
5660 3733
5660 1502
5662 3213
5663 2939
5664 4171
5665 4303
5665 2450
5667 4120
5667 5794
5668 6281
5668 4582
5669 4203
5671 199
5673 3881
5674 1172
5676 4474
5677 6104
5678 1640
5678 230
5680 2989
5680 688
5680 6202
5682 2754
5685 1443
5686 6164
5687 3890
5688 825
5690 5190
5690 692
5691 3768
5692 3752
5693 6114
5694 3869
5694 1938
5694 2302
5695 1436
5695 4924
5696 4756
5697 6447
5698 1779
5700 5685
5702 4498
5702 6512
5702 5871
5703 6652
5704 3765
5707 2941
5708 2463
5708 242
2311 2501
5710 2787
5711 5206
5713 5001
5714 1030
5714 5822
5714 6243
5714 2413
5715 5972
5716 1562
5718 1460
5718 1687
5718 1872
5718 2984
5720 2724
5720 168
5721 2062
5722 4879
5724 107
5725 145
5728 3519
5728 2114
5730 2406
5730 2318
5731 5835
5732 4494
5732 4181
5733 4421
5734 236
5734 5852
5735 3705
5736 1244
5738 3175
5738 3153
5739 3367
5739 6523
5739 6474
5740 2218
5741 1911
5743 696
5747 2206
5747 2026
5747 3048
5748 3304
5749 1590
5749 3405
5751 489
5753 5181
5753 6472
5753 6146
5753 6065
5754 1344
5755 5539
5756 95
5758 5326
5761 3510
5761 4721
5762 6071
5763 6474
5763 1502
5764 1108
5765 5683
5766 80
5767 1849
5768 4025
5768 564
5769 2283
5770 3450
5770 1077
5771 438
5772 461
5773 6529
5773 1732
5774 929
5775 1935
5775 3974
5776 4454
5777 2877
5778 6321
5780 6387
5781 1035
5782 1094
5783 4920
5788 806
5791 5277
5792 2999
5792 4093
5793 220
5794 4120
5795 5967
5796 4277
5796 5785
5797 5026
5798 5735
5799 5826
5800 697
5800 1454
5801 4114
5801 878
5801 4286
3515 2367
5804 1947
5804 76
5804 5421
5804 6026
5805 1552
5807 348
5807 166
5807 3365
5807 4665
5808 1146
5808 4042
5809 5861
5810 1376
5812 425
5812 3502
5813 3981
5814 5821
5815 6579
5815 754
5815 2659
5815 138
5816 3003
5817 2498
5817 1988
5818 4158
5819 1047
5820 251
5821 5943
5821 3277
5822 5714
5822 5215
5822 2413
5823 3009
5824 5799
5825 4330
5825 6550
5825 2536
5825 3459
5825 4014
5826 5275
5826 4111
5827 4349
5827 4994
5827 3314
5829 2050
5830 1175
5831 4537
5832 3464
5833 3988
5833 1230
5835 5483
5836 5422
5838 3136
5838 3569
5839 6558
5843 5517
5844 4038
5845 1752
5847 2683
5850 1714
5853 4721
5853 5761
5856 470
5856 4317
5858 6668
5858 5490
5861 1152
5862 1204
5864 5750
5864 4974
5865 4745
5865 2179
5866 2455
5869 4727
5869 2920
5870 281
5870 4698
5871 1243
5873 627
5873 584
5873 4113
5877 5712
5878 1845
5878 67
5878 3565
5878 6017
5879 4056
5879 6026
5880 1756
5881 4153
5882 238
5883 2657
5883 5188
5884 4182
5885 883
5887 3382
5888 2567
5889 3644
5889 2110
5889 4521
5889 2987
5890 5628
5891 2983
5892 2960
5892 779
5893 2178
5893 1834
5894 2379
5895 3962
5896 5180
5897 2246
5899 4897
5899 1289
5899 1640
5899 230
5900 141
5900 4056
5901 3316
5901 2728
5902 2957
5904 2529
5906 2667
5907 561
5907 5441
5908 4756
5908 4800
5909 3700
5910 2590
5910 1327
5910 4960
5911 78
5912 5518
5914 742
5915 3477
5917 6293
5918 5043
5919 4092
5922 2352
5922 4393
5923 5420
5923 5644
5924 4710
5925 4572
5927 5431
5928 796
5928 4551
5929 5182
5930 2727
5930 6356
5931 6021
5931 1386
5933 5626
5933 1112
5936 1242
5937 1181
5938 1675
5939 651
5940 3158
5941 2034
5942 6125
5942 1977
5944 6112
5945 919
5946 2909
5947 3909
5949 1083
5950 228
5952 6581
5953 3820
5953 4315
5953 5385
5956 6252
5961 1409
5962 3355
5963 142
5964 5341
5964 1642
5965 3865
5968 3851
5968 46
5968 6307
5968 2446
414 2395
4500 758
5972 3885
5972 4973
5972 1096
5972 1204
5973 5615
5973 586
5974 3734
5974 1509
5975 5140
5977 998
5977 3533
5978 1823
5979 1293
5980 1773
5980 3848
5981 530
5981 4253
5981 6000
5983 3770
5984 2071
5985 4871
5985 1712
5985 3987
5987 4618
5988 4525
5989 4152
5990 5453
5990 2372
5990 1635
5990 2783
5990 3358
5991 5118
5993 6102
5995 4140
5995 5837
5995 1268
5996 5655
5996 2699
5997 1671
5997 3212
5998 2227
5999 5773
1776 3728
6002 4701
6004 1099
6004 2818
6005 2241
6006 4157
6007 2764
6007 1161
6007 5411
6008 3649
6009 941
6010 4751
6011 3370
6012 412
6013 928
6014 5982
6015 4216
6016 2976
6016 6052
6017 5116
6018 851
6018 150
2861 5708
6021 1134
6025 5613
6025 4438
6027 5007
6027 3156
6029 1123
6030 5850
6034 4966
6036 5531
6037 4965
6038 1526
6039 290
6040 2983
6041 1165
6042 1195
6043 2296
6043 3058
6044 5915
6044 673
6046 4642
6047 744
6048 1831
6049 2758
6050 3933
6051 4459
6052 4945
6053 6307
6054 2882
6054 3063
6054 3731
6055 2388
6055 6430
6056 1962
6056 4113
6057 4463
6058 1180
6059 55
6060 1759
6061 4904
6063 3381
6064 6077
6064 6144
6065 5181
6066 2850
6068 2338
6068 4383
6068 2567
6069 2077
6070 6433
6070 5466
6072 5362
6073 2980
6073 4646
6074 5374
6074 3516
6075 5887
6077 1345
6078 1674
6079 1479
6080 6243
6081 3462
6081 6307
6082 2976
6082 343
6083 3467
6084 6167
6084 788
6085 3188
6085 718
6085 5477
6086 767
6087 300
6087 4066
6088 4984
6089 3219
6090 495
6091 2518
6091 6336
6091 2158
6093 5744
6094 5761
6095 4396
6095 6306
6096 1779
6098 1092
6098 5689
6099 189
6099 2931
6100 1820
6100 5333
6100 5293
6101 4949
6102 3015
6103 342
6105 2935
6106 5409
6106 1290
6107 556
6108 2870
6109 4060
6110 2683
6110 4723
6113 6572
6113 1159
6114 2002
6114 1589
6114 5693
6116 5337
6116 5277
6117 761
6117 5780
6119 5221
6119 2409
6121 503
6121 5924
6122 1007
6123 113
6124 2720
6127 1785
6128 5883
6128 1645
6129 1733
6130 4536
6131 3039
6132 2703
6132 2979
6133 1216
6134 5723
6135 3602
6136 5311
6136 4558
6136 5693
6137 4529
6137 4233
6137 625
6138 1153
6138 3337
6138 6307
6138 2446
6139 4261
6140 4660
6141 3914
6142 6607
6142 5071
6143 1343
6145 269
6145 3012
6146 5381
6147 3972
6148 5151
6149 4410
6153 1681
6153 1602
6154 3461
6155 917
6156 2627
6157 5267
6158 590
6161 5905
6161 6391
6163 5418
6164 5686
6164 5854
6165 5646
6166 4668
6167 3183
6169 1186
6170 287
6171 1049
6171 1656
6172 2116
6173 2992
6173 891
6173 4021
6173 3333
6175 6566
6175 5920
6176 5560
6176 2572
6178 4758
6179 3009
6180 4982
6180 3197
6181 5133
6182 1233
6182 1746
6182 5403
6184 1490
6185 6521
6187 1272
6188 4236
6189 5934
6189 3979
6191 5107
6192 576
6193 2774
6194 4414
6196 3070
6197 772
6197 2357
6199 3686
6200 2902
6202 688
6202 3016
6204 6559
6206 2606
6207 529
6208 6056
6208 4615
6208 4622
6211 3939
6211 2131
6211 6211
6211 4361
6212 2154
6212 3842
6214 5488
6215 5525
6216 4356
6216 3597
6216 1959
6217 2093
6218 267
6219 3611
6220 3859
6220 3690
6222 3205
6222 2366
6223 965
6223 5100
6224 2539
6225 5423
6226 4539
6226 6252
6228 4395
3208 45
6232 3540
6232 4866
6233 5992
6233 2852
6236 5782
6236 1094
6238 6582
6238 5492
6240 5932
6242 5214
6243 5593
6244 1496
6245 1988
6246 4347
6246 5072
6246 1870
6247 3489
6248 2237
6249 4049
6250 5961
6251 2663
6252 3246
6252 2003
6252 689
6252 689
6253 5004
6255 694
6255 4385
6255 3822
6256 5884
6257 3029
6257 3672
6258 2312
6259 4132
6259 3956
6260 5941
6262 6239
6265 884
6266 3216
6267 6061
6268 1017
6269 710
6270 3580
6270 6496
3282 689
6273 4963
6273 4065
6274 2293
6275 3663
6276 2340
6277 4824
6278 1531
6278 6545
6279 4547
6282 5148
6283 322
6283 3781
6284 5150
6285 2392
6287 4471
6287 5848
6288 3510
6288 5035
6289 4658
6289 4805
6290 3851
6290 5968
6292 861
6293 2953
6293 1428
3431 3050
3431 1977
3431 1483
6296 3986
6297 1376
6299 3122
6299 5268
6299 3217
6299 3087
6300 5612
6301 3549
6301 3021
6302 5721
6303 2445
6306 4139
6308 1138
6309 3300
6309 2491
6309 243
6310 3521
6310 1874
6311 4050
6312 2488
6312 6527
6315 2204
6316 5680
6317 363
6319 4372
6320 5993
6321 1745
6322 5755
6323 2879
6324 815
6324 5805
6325 3510
6325 5161
6326 6209
6327 1154
6329 382
6329 5282
6330 4131
6333 6329
6333 6240
6334 3801
6334 918
6334 5819
6336 2327
6336 6091
6336 6358
6336 2518
6336 1012
6336 6563
6336 1031
6338 5574
6339 4603
6342 4651
6343 3076
6344 1687
6345 2595
6345 399
6346 2530
6347 4628
6348 1170
6350 6350
6351 6075
6353 2214
6353 5178
6354 6219
6354 3611
6355 4621
6358 4202
6360 2147
6360 331
6361 310
6363 3854
6364 5941
6364 4366
6365 4320
6366 6140
6366 2279
6368 4102
6369 1964
6371 5509
6372 4732
6373 211
6374 3334
6375 4403
6376 1945
6376 6252
6377 5545
6378 3753
6380 3537
6382 6428
6383 2320
6383 259
6383 582
6384 5722
6385 6005
6388 1212
6390 1734
6391 5905
6392 889
6393 2897
6393 3454
6394 1358
6394 2749
6395 2279
6395 3892
6396 6414
6397 2433
6398 2055
6399 4617
6400 6313
6400 908
6401 374
6401 4137
6402 4603
6403 2358
6404 5329
6406 3255
6407 2057
6408 122
6408 2953
6409 2783
6411 2723
6411 2395
6412 2793
6412 5726
6413 166
6414 1796
6414 1175
6414 5556
6414 3431
6415 3092
6416 5801
6419 4772
6420 1739
6422 1223
6422 2843
6423 4306
6424 5030
6424 3615
6424 1898
6427 1469
6428 6354
6429 40
6431 6514
6432 737
6434 56
6434 3540
6434 444
6434 5109
6434 3065
6435 1166
6436 2075
6436 1192
6437 6221
6438 5598
6439 5241
6442 1556
6443 3387
6444 2709
6446 1543
6448 3600
6449 6608
6451 3175
6452 5422
6453 2350
6454 4674
6454 2300
6456 1765
6456 2564
6456 1178
6458 4731
6460 4929
6461 3882
6461 1594
6466 5739
6466 6474
6467 4590
6467 5139
6469 186
6470 688
6470 3575
6472 3310
6473 5607
6473 229
6474 3367
6474 2115
6474 1502
6475 958
6477 4912
6478 4388
6479 1135
6480 3802
6480 2105
6480 1412
6483 265
6485 4955
6488 4692
6489 2257
6490 801
6490 1771
6491 5691
6492 3483
6493 3322
6493 6464
6493 3050
6493 5561
6493 1796
6493 5227
6494 1935
6494 3974
6495 5514
6497 6331
6497 1430
6498 2864
6500 3761
6500 4815
6501 2891
6501 2410
6501 1534
6501 869
6502 5410
6502 3740
6503 3063
6504 5355
6505 810
6505 2110
6506 2696
6507 2276
6507 4915
6508 5871
6510 3566
6511 4196
6512 4498
6512 4743
2645 6477
6516 3522
6517 4090
6517 2045
6518 5079
6520 1008
6520 99
6522 4290
6522 218
6524 4974
6525 820
6528 5056
6529 3558
6530 4808
6531 6682
6532 133
6533 5440
6533 3326
6533 5272
6533 5312
6533 2812
5414 237
5414 5869
6536 5959
6537 4874
6538 4643
6538 1128
6540 790
6543 51
6546 4829
6547 5804
6548 5594
6549 5875
6551 2510
6553 4755
6554 5240
6554 5438
6555 6681
6556 3899
6557 4179
6557 149
6558 970
6558 4728
6559 4452
6559 3595
6559 3715
6560 1940
6561 4040
6562 2323
6563 2327
6564 3283
6565 2651
6567 6565
6568 4338
6569 2612
6570 4276
6570 144
6570 727
6570 4147
6571 6191
6572 1993
6573 1075
6574 5876
6576 3475
6576 1472
6577 5308
6578 1491
6578 4375
6579 1383
6579 5815
6580 4559
6581 2937
6582 4664
6583 620
6587 6282
6588 5850
6588 574
6590 6656
6590 6560
6591 307
6591 5331
6592 5627
6593 1281
6593 4297
6593 3906
6596 3986
6598 6496
6599 5672
6600 6658
6600 3635
6601 3573
6602 5528
6603 3895
6604 1698
6606 1539
6608 4386
6608 4847
6608 3780
6608 3772
6609 1080
6609 1002
6610 6299
2960 48
6612 5074
6613 1554
6614 1520
6615 4371
6615 3098
6615 4893
6616 5419
6617 5195
6617 3605
6618 3274
6618 5439
6618 5306
6619 1913
6620 6405
6620 481
6622 5684
6624 3418
6625 4337
6626 1779
6628 391
6628 714
6629 6629
6630 3032
6631 5418
6632 4258
6633 2051
6634 438
6634 1664
6634 5771
6635 5184
6636 1015
6636 1412
6638 695
6638 5067
6639 2075
6640 1693
6640 1848
6640 5982
6640 455
6640 83
6641 1662
6642 2348
6644 3671
6645 3814
6646 2390
6647 741
6647 4808
6647 1695
6650 2342
6650 5276
6651 2532
6652 4181
6653 3512
6654 320
6654 2950
6654 644
6654 1747
6654 4353
6654 3572
6655 6676
6656 2012
6658 3921
6659 1665
6662 3262
6662 1775
6664 2611
6666 2403
6666 4648
6667 3029
6668 3798
6671 2179
6671 4979
6672 6637
6674 5744
6674 4602
6675 1756
6675 2299
6676 881
6676 6652
6677 6298
6678 2066
6679 5303
6680 1246
6682 4858
6683 847
6684 6199
6685 5204
6685 1139
6687 2257
6688 1501
6690 6690
6691 2794
6692 1201
6693 3983
6694 4008
6694 4589
6694 3603
6695 4241
